0	1
0.77915233	0.9975
0.7879016	0.995
0.87849003	0.9925
0.9191711	0.99
0.94154453	0.9875
0.95419806	0.985
0.9836273	0.9825
0.99106103	0.98
1.0056471	0.9775
1.0059434	0.975
1.0065072	0.9725
1.011672	0.97
1.0172402	0.9675
1.0203354	0.965
1.0235673	0.9625
1.026686	0.96
1.0291651	0.9575
1.0335087	0.955
1.036009	0.9525
1.036374	0.95
1.040973	0.9475
1.0442585	0.945
1.0446495	0.9425
1.0570872	0.94
1.0604069	0.9375
1.0613601	0.935
1.0629292	0.9325
1.0671934	0.93
1.0679052	0.9275
1.0697346	0.925
1.0703857	0.9225
1.070982	0.92
1.0753795	0.9175
1.0795974	0.915
1.0812625	0.9125
1.0822536	0.91
1.0840881	0.9075
1.0842882	0.905
1.0968407	0.9025
1.1034095	0.9
1.1060855	0.8975
1.1065408	0.895
1.111029	0.8925
1.1206589	0.89
1.1232029	0.8875
1.1243535	0.885
1.1250138	0.8825
1.125549	0.88
1.1260582	0.8775
1.1338662	0.875
1.1393979	0.8725
1.1486778	0.87
1.1521312	0.8675
1.160766	0.865
1.1632838	0.8625
1.1639199	0.86
1.1639206	0.8575
1.1645056	0.855
1.1650954	0.8525
1.1654634	0.85
1.1691967	0.8475
1.1739607	0.845
1.1771903	0.8425
1.1824743	0.84
1.191252	0.8375
1.200652	0.835
1.2066125	0.8325
1.210765	0.83
1.2118863	0.8275
1.2126056	0.825
1.2145075	0.8225
1.2152317	0.82
1.2159559	0.8175
1.219544	0.815
1.2203379	0.8125
1.2265956	0.81
1.2273437	0.8075
1.2288823	0.805
1.2337383	0.8025
1.2364323	0.8
1.2408133	0.7975
1.2409652	0.795
1.243355	0.7925
1.2515613	0.79
1.254354	0.7875
1.257448	0.785
1.258562	0.7825
1.2598643	0.78
1.2649224	0.7775
1.274639	0.775
1.2792773	0.7725
1.2794472	0.77
1.2804143	0.7675
1.2858421	0.765
1.2868805	0.7625
1.2879295	0.76
1.2894914	0.7575
1.291622	0.755
1.2970778	0.7525
1.2978864	0.75
1.298546	0.7475
1.3062623	0.745
1.313202	0.7425
1.3217505	0.74
1.32392	0.7375
1.3264811	0.735
1.3279344	0.7325
1.3288788	0.73
1.329662	0.7275
1.3297838	0.725
1.336359	0.7225
1.3374112	0.72
1.3381099	0.7175
1.3464097	0.715
1.3468763	0.7125
1.347932	0.71
1.3492327	0.7075
1.3622816	0.705
1.3703762	0.7025
1.3703879	0.7
1.372263	0.6975
1.3799314	0.695
1.3828881	0.6925
1.3860592	0.69
1.390453	0.6875
1.3911798	0.685
1.4064763	0.6825
1.4079502	0.68
1.4227903	0.6775
1.4354633	0.675
1.4369727	0.6725
1.4388185	0.67
1.4395313	0.6675
1.4440104	0.665
1.4502876	0.6625
1.4757203	0.66
1.477294	0.6575
1.4834403	0.655
1.5028226	0.6525
1.5047215	0.65
1.5141481	0.6475
1.528631	0.645
1.5298904	0.6425
1.5312881	0.64
1.5316055	0.6375
1.5362738	0.635
1.5411048	0.6325
1.5535355	0.63
1.5648988	0.6275
1.5712214	0.625
1.5744491	0.6225
1.5888184	0.62
1.5912759	0.6175
1.5950618	0.615
1.5966032	0.6125
1.60646	0.61
1.6067458	0.6075
1.6232471	0.605
1.6307807	0.6025
1.6310457	0.6
1.6423544	0.5975
1.6439819	0.595
1.6599867	0.5925
1.6604245	0.59
1.6704425	0.5875
1.6778727	0.585
1.6805419	0.5825
1.6890969	0.58
1.6927497	0.5775
1.6984246	0.575
1.7008426	0.5725
1.7038783	0.57
1.7091422	0.5675
1.7184311	0.565
1.7201897	0.5625
1.7219518	0.56
1.7297766	0.5575
1.7346077	0.555
1.7467362	0.5525
1.752105	0.55
1.7539186	0.5475
1.7649537	0.545
1.7730474	0.5425
1.7793127	0.54
1.7912629	0.5375
1.8148414	0.535
1.8246912	0.5325
1.8349042	0.53
1.8429705	0.5275
1.8454921	0.525
1.8478454	0.5225
1.8603625	0.52
1.8688861	0.5175
1.8820791	0.515
1.8892004	0.5125
1.9011651	0.51
1.9128807	0.5075
1.9151771	0.505
1.9254645	0.5025
1.9453135	0.5
1.9690167	0.4975
1.9788226	0.495
1.980471	0.4925
1.982771	0.49
1.9834267	0.4875
1.9944177	0.485
2.001221	0.4825
2.0244844	0.48
2.0278075	0.4775
2.0316086	0.475
2.0352736	0.4725
2.0501156	0.47
2.0774755	0.4675
2.0854137	0.465
2.1051278	0.4625
2.1196418	0.46
2.1201756	0.4575
2.164923	0.455
2.1698396	0.4525
2.1751506	0.45
2.1982994	0.4475
2.2129018	0.445
2.2176352	0.4425
2.2942092	0.44
2.3011658	0.4375
2.3086	0.435
2.326378	0.4325
2.3522253	0.43
2.3720882	0.4275
2.389801	0.425
2.390487	0.4225
2.3948662	0.42
2.3968337	0.4175
2.421988	0.415
2.4298542	0.4125
2.4395423	0.41
2.4452138	0.4075
2.4456394	0.405
2.4913976	0.4025
2.492702	0.4
2.4932206	0.3975
2.5204144	0.395
2.5645013	0.3925
2.5669472	0.39
2.5684268	0.3875
2.573832	0.385
2.5966713	0.3825
2.6318433	0.38
2.6654458	0.3775
2.688296	0.375
2.7449927	0.3725
2.792549	0.37
2.7946656	0.3675
2.813684	0.365
2.8340688	0.3625
2.8359182	0.36
2.845995	0.3575
2.907875	0.355
2.9774156	0.3525
2.9832313	0.35
3.0204651	0.3475
3.0452597	0.345
3.0478363	0.3425
3.0643594	0.34
3.0938349	0.3375
3.127764	0.335
3.1352587	0.3325
3.1624546	0.33
3.1650434	0.3275
3.170052	0.325
3.1885772	0.3225
3.1893692	0.32
3.190033	0.3175
3.190124	0.315
3.2136042	0.3125
3.2253706	0.31
3.2377064	0.3075
3.261122	0.305
3.3373556	0.3025
3.381385	0.3
3.384377	0.2975
3.3977997	0.295
3.430242	0.2925
3.4563441	0.29
3.4854765	0.2875
3.5230439	0.285
3.551018	0.2825
3.5548406	0.28
3.6006668	0.2775
3.6509044	0.275
3.653158	0.2725
3.7539856	0.27
3.7660928	0.2675
3.7695074	0.265
3.836427	0.2625
3.8455002	0.26
3.8622336	0.2575
3.9285064	0.255
3.9683135	0.2525
4.003205	0.25
4.0770745	0.2475
4.0801964	0.245
4.089535	0.2425
4.089632	0.24
4.1143928	0.2375
4.1716657	0.235
4.2086334	0.2325
4.249341	0.23
4.277005	0.2275
4.282892	0.225
4.308684	0.2225
4.318629	0.22
4.4524193	0.2175
4.462977	0.215
4.527767	0.2125
4.534739	0.21
4.6027594	0.2075
4.6959424	0.205
4.7100263	0.2025
4.751005	0.2
4.780488	0.1975
4.795626	0.195
4.8202357	0.1925
4.8227363	0.19
4.8432484	0.1875
4.9187207	0.185
4.9417934	0.1825
4.9528837	0.18
4.956698	0.1775
4.9758806	0.175
5.025701	0.1725
5.0956526	0.17
5.1110077	0.1675
5.1267505	0.165
5.2354264	0.1625
5.298608	0.16
5.344799	0.1575
5.438833	0.155
5.564484	0.1525
5.789244	0.15
5.800265	0.1475
5.8189926	0.145
5.8872643	0.1425
5.9017096	0.14
5.9349523	0.1375
5.9931407	0.135
6.1753464	0.1325
6.218114	0.13
6.3580036	0.1275
6.395296	0.125
6.425442	0.1225
6.453617	0.12
6.461258	0.1175
6.4719863	0.115
6.5085073	0.1125
6.546173	0.11
6.5700617	0.1075
6.6030726	0.105
6.665434	0.1025
6.727506	0.1
6.84976	0.0975
6.90566	0.095
7.206849	0.0925
7.2602725	0.09
7.2893047	0.0875
7.3135204	0.085
7.429744	0.0825
7.533269	0.08
7.5957484	0.0775
7.6517625	0.075
7.6867805	0.0725
7.86099	0.07
7.951996	0.0675
8.022497	0.065
8.241268	0.0625
8.447893	0.06
8.549439	0.0575
8.799559	0.055
8.996146	0.0525
9.164719	0.05
9.6397705	0.0475
9.671245	0.045
9.974176	0.0425
10.089048	0.04
10.546207	0.0375
10.789219	0.035
10.821836	0.0325
10.964507	0.03
11.045838	0.0275
11.252068	0.025
11.358555	0.0225
11.378761	0.02
11.4243355	0.0175
11.713518	0.015
12.135769	0.0125
13.343033	0.01
13.436665	0.0075
13.621477	0.005
13.699589	0.0025
14.179425	0
	
	
