0	        
0.419999991	
0.43999999	
0.43999999	
0.43999999	
0.45999999	
0.45999999	
0.45999999	
0.45999999	
0.45999999	
0.45999999	
0.45999999	
0.45999999	
0.469999989	
0.469999989	
0.479999989	
0.479999989	
0.479999989	
0.479999989	
0.479999989	
0.479999989	
0.489999989	
0.489999989	
0.489999989	
0.489999989	
0.489999989	
0.489999989	
0.489999989	
0.489999989	
0.499999989	
0.499999989	
0.499999989	
0.509999989	
0.509999989	
0.509999989	
0.509999989	
0.509999989	
0.509999989	
0.509999989	
0.509999989	
0.509999989	
0.509999989	
0.519999988	
0.519999988	
0.519999988	
0.519999988	
0.519999988	
0.519999988	
0.519999988	
0.519999988	
0.519999988	
0.519999988	
0.519999988	
0.519999988	
0.529999988	
0.529999988	
0.529999988	
0.529999988	
0.529999988	
0.529999988	
0.529999988	
0.529999988	
0.529999988	
0.529999988	
0.529999988	
0.539999988	
0.539999988	
0.539999988	
0.539999988	
0.539999988	
0.539999988	
0.539999988	
0.539999988	
0.539999988	
0.549999988	
0.549999988	
0.549999988	
0.549999988	
0.549999988	
0.549999988	
0.549999988	
0.549999988	
0.549999988	
0.549999988	
0.549999988	
0.549999988	
0.549999988	
0.549999988	
0.549999988	
0.559999988	
0.559999988	
0.559999988	
0.559999988	
0.559999988	
0.559999988	
0.559999988	
0.559999988	
0.559999988	
0.559999988	
0.559999988	
0.559999988	
0.559999988	
0.559999988	
0.569999987	
0.569999987	
0.569999987	
0.569999987	
0.569999987	
0.569999987	
0.569999987	
0.569999987	
0.569999987	
0.569999987	
0.569999987	
0.569999987	
0.569999987	
0.569999987	
0.569999987	
0.579999987	
0.579999987	
0.579999987	
0.579999987	
0.579999987	
0.579999987	
0.579999987	
0.579999987	
0.579999987	
0.579999987	
0.579999987	
0.589999987	
0.589999987	
0.589999987	
0.589999987	
0.589999987	
0.589999987	
0.589999987	
0.589999987	
0.589999987	
0.589999987	
0.589999987	
0.589999987	
0.589999987	
0.599999987	
0.599999987	
0.599999987	
0.599999987	
0.599999987	
0.599999987	
0.599999987	
0.599999987	
0.599999987	
0.599999987	
0.599999987	
0.599999987	
0.599999987	
0.599999987	
0.599999987	
0.599999987	
0.599999987	
0.609999986	
0.609999986	
0.609999986	
0.609999986	
0.609999986	
0.609999986	
0.609999986	
0.609999986	
0.609999986	
0.609999986	
0.609999986	
0.609999986	
0.609999986	
0.609999986	
0.609999986	
0.609999986	
0.609999986	
0.609999986	
0.609999986	
0.619999986	
0.619999986	
0.619999986	
0.619999986	
0.619999986	
0.619999986	
0.619999986	
0.619999986	
0.619999986	
0.619999986	
0.619999986	
0.619999986	
0.619999986	
0.619999986	
0.619999986	
0.619999986	
0.619999986	
0.619999986	
0.629999986	
0.629999986	
0.629999986	
0.629999986	
0.629999986	
0.629999986	
0.629999986	
0.629999986	
0.629999986	
0.629999986	
0.629999986	
0.629999986	
0.629999986	
0.639999986	
0.639999986	
0.639999986	
0.639999986	
0.639999986	
0.639999986	
0.639999986	
0.639999986	
0.639999986	
0.639999986	
0.639999986	
0.639999986	
0.639999986	
0.639999986	
0.639999986	
0.639999986	
0.639999986	
0.639999986	
0.639999986	
0.649999986	
0.649999986	
0.649999986	
0.649999986	
0.649999986	
0.649999986	
0.649999986	
0.649999986	
0.649999986	
0.649999986	
0.649999986	
0.649999986	
0.649999986	
0.649999986	
0.649999986	
0.649999986	
0.649999986	
0.649999986	
0.659999985	
0.659999985	
0.659999985	
0.659999985	
0.659999985	
0.659999985	
0.659999985	
0.659999985	
0.659999985	
0.659999985	
0.659999985	
0.659999985	
0.659999985	
0.659999985	
0.659999985	
0.659999985	
0.659999985	
0.659999985	
0.659999985	
0.659999985	
0.669999985	
0.669999985	
0.669999985	
0.669999985	
0.669999985	
0.669999985	
0.669999985	
0.669999985	
0.669999985	
0.669999985	
0.669999985	
0.669999985	
0.669999985	
0.669999985	
0.669999985	
0.679999985	
0.679999985	
0.679999985	
0.679999985	
0.679999985	
0.679999985	
0.679999985	
0.679999985	
0.689999985	
0.689999985	
0.689999985	
0.689999985	
0.689999985	
0.689999985	
0.689999985	
0.689999985	
0.689999985	
0.689999985	
0.689999985	
0.689999985	
0.689999985	
0.689999985	
0.689999985	
0.689999985	
0.689999985	
0.689999985	
0.699999984	
0.699999984	
0.699999984	
0.699999984	
0.699999984	
0.699999984	
0.699999984	
0.699999984	
0.699999984	
0.699999984	
0.699999984	
0.699999984	
0.699999984	
0.709999984	
0.709999984	
0.709999984	
0.709999984	
0.709999984	
0.709999984	
0.709999984	
0.709999984	
0.709999984	
0.709999984	
0.709999984	
0.709999984	
0.709999984	
0.709999984	
0.709999984	
0.709999984	
0.709999984	
0.709999984	
0.709999984	
0.709999984	
0.719999984	
0.719999984	
0.719999984	
0.719999984	
0.719999984	
0.719999984	
0.719999984	
0.719999984	
0.719999984	
0.719999984	
0.719999984	
0.719999984	
0.719999984	
0.719999984	
0.729999984	
0.729999984	
0.729999984	
0.729999984	
0.729999984	
0.729999984	
0.729999984	
0.729999984	
0.729999984	
0.729999984	
0.729999984	
0.739999983	
0.739999983	
0.739999983	
0.739999983	
0.739999983	
0.739999983	
0.739999983	
0.739999983	
0.739999983	
0.739999983	
0.739999983	
0.739999983	
0.739999983	
0.739999983	
0.739999983	
0.739999983	
0.749999983	
0.749999983	
0.749999983	
0.749999983	
0.749999983	
0.749999983	
0.749999983	
0.749999983	
0.749999983	
0.749999983	
0.759999983	
0.759999983	
0.759999983	
0.759999983	
0.759999983	
0.759999983	
0.759999983	
0.759999983	
0.759999983	
0.759999983	
0.759999983	
0.759999983	
0.769999983	
0.769999983	
0.769999983	
0.769999983	
0.769999983	
0.769999983	
0.769999983	
0.769999983	
0.769999983	
0.769999983	
0.769999983	
0.769999983	
0.779999983	
0.779999983	
0.779999983	
0.779999983	
0.779999983	
0.779999983	
0.779999983	
0.779999983	
0.779999983	
0.779999983	
0.779999983	
0.779999983	
0.779999983	
0.779999983	
0.789999982	
0.789999982	
0.789999982	
0.789999982	
0.789999982	
0.789999982	
0.789999982	
0.789999982	
0.789999982	
0.789999982	
0.789999982	
0.789999982	
0.789999982	
0.799999982	
0.799999982	
0.799999982	
0.799999982	
0.799999982	
0.799999982	
0.799999982	
0.799999982	
0.799999982	
0.799999982	
0.799999982	
0.799999982	
0.799999982	
0.799999982	
0.799999982	
0.809999982	
0.809999982	
0.809999982	
0.809999982	
0.809999982	
0.809999982	
0.809999982	
0.809999982	
0.809999982	
0.809999982	
0.809999982	
0.809999982	
0.809999982	
0.819999982	
0.819999982	
0.819999982	
0.819999982	
0.819999982	
0.819999982	
0.819999982	
0.819999982	
0.819999982	
0.819999982	
0.819999982	
0.819999982	
0.819999982	
0.829999981	
0.829999981	
0.829999981	
0.829999981	
0.829999981	
0.829999981	
0.829999981	
0.829999981	
0.829999981	
0.829999981	
0.829999981	
0.829999981	
0.829999981	
0.839999981	
0.839999981	
0.839999981	
0.839999981	
0.839999981	
0.839999981	
0.839999981	
0.839999981	
0.839999981	
0.839999981	
0.839999981	
0.839999981	
0.839999981	
0.839999981	
0.849999981	
0.849999981	
0.849999981	
0.849999981	
0.849999981	
0.849999981	
0.849999981	
0.849999981	
0.849999981	
0.849999981	
0.849999981	
0.849999981	
0.849999981	
0.849999981	
0.859999981	
0.859999981	
0.859999981	
0.859999981	
0.869999981	
0.869999981	
0.869999981	
0.869999981	
0.869999981	
0.869999981	
0.869999981	
0.869999981	
0.869999981	
0.869999981	
0.87999998	
0.87999998	
0.87999998	
0.87999998	
0.87999998	
0.87999998	
0.87999998	
0.87999998	
0.87999998	
0.88999998	
0.88999998	
0.88999998	
0.88999998	
0.88999998	
0.88999998	
0.88999998	
0.88999998	
0.88999998	
0.88999998	
0.88999998	
0.88999998	
0.89999998	
0.89999998	
0.89999998	
0.89999998	
0.89999998	
0.89999998	
0.89999998	
0.89999998	
0.90999998	
0.90999998	
0.90999998	
0.90999998	
0.90999998	
0.90999998	
0.90999998	
0.90999998	
0.919999979	
0.919999979	
0.919999979	
0.919999979	
0.919999979	
0.919999979	
0.929999979	
0.929999979	
0.929999979	
0.929999979	
0.929999979	
0.929999979	
0.929999979	
0.929999979	
0.929999979	
0.929999979	
0.939999979	
0.939999979	
0.939999979	
0.939999979	
0.939999979	
0.939999979	
0.939999979	
0.939999979	
0.939999979	
0.939999979	
0.949999979	
0.949999979	
0.949999979	
0.949999979	
0.949999979	
0.949999979	
0.949999979	
0.949999979	
0.959999978	
0.959999978	
0.959999978	
0.959999978	
0.959999978	
0.959999978	
0.959999978	
0.959999978	
0.959999978	
0.959999978	
0.959999978	
0.959999978	
0.969999978	
0.969999978	
0.969999978	
0.969999978	
0.969999978	
0.969999978	
0.969999978	
0.969999978	
0.969999978	
0.969999978	
0.969999978	
0.969999978	
0.969999978	
0.979999978	
0.979999978	
0.979999978	
0.979999978	
0.979999978	
0.979999978	
0.989999978	
0.989999978	
0.989999978	
0.989999978	
0.989999978	
0.989999978	
0.989999978	
0.989999978	
0.989999978	
0.999999978	
0.999999978	
0.999999978	
1.009999977	
1.009999977	
1.009999977	
1.009999977	
1.009999977	
1.009999977	
1.019999977	
1.019999977	
1.019999977	
1.019999977	
1.019999977	
1.019999977	
1.019999977	
1.019999977	
1.019999977	
1.029999977	
1.029999977	
1.029999977	
1.029999977	
1.029999977	
1.029999977	
1.029999977	
1.029999977	
1.029999977	
1.029999977	
1.039999977	
1.039999977	
1.039999977	
1.039999977	
1.039999977	
1.039999977	
1.039999977	
1.039999977	
1.049999977	
1.049999977	
1.049999977	
1.059999976	
1.059999976	
1.059999976	
1.059999976	
1.059999976	
1.059999976	
1.069999976	
1.069999976	
1.069999976	
1.069999976	
1.069999976	
1.069999976	
1.069999976	
1.069999976	
1.069999976	
1.069999976	
1.079999976	
1.079999976	
1.079999976	
1.079999976	
1.079999976	
1.089999976	
1.089999976	
1.089999976	
1.089999976	
1.089999976	
1.089999976	
1.089999976	
1.099999975	
1.099999975	
1.099999975	
1.099999975	
1.109999975	
1.109999975	
1.119999975	
1.119999975	
1.119999975	
1.119999975	
1.119999975	
1.119999975	
1.119999975	
1.129999975	
1.129999975	
1.129999975	
1.129999975	
1.129999975	
1.129999975	
1.129999975	
1.129999975	
1.139999975	
1.139999975	
1.139999975	
1.139999975	
1.139999975	
1.139999975	
1.149999974	
1.149999974	
1.149999974	
1.149999974	
1.159999974	
1.159999974	
1.159999974	
1.159999974	
1.159999974	
1.159999974	
1.159999974	
1.169999974	
1.169999974	
1.169999974	
1.179999974	
1.179999974	
1.189999973	
1.189999973	
1.189999973	
1.189999973	
1.189999973	
1.189999973	
1.189999973	
1.189999973	
1.189999973	
1.199999973	
1.199999973	
1.199999973	
1.199999973	
1.199999973	
1.199999973	
1.219999973	
1.219999973	
1.219999973	
1.219999973	
1.219999973	
1.219999973	
1.229999972	
1.229999972	
1.229999972	
1.229999972	
1.239999972	
1.239999972	
1.239999972	
1.239999972	
1.239999972	
1.239999972	
1.249999972	
1.249999972	
1.259999972	
1.259999972	
1.259999972	
1.259999972	
1.259999972	
1.269999972	
1.269999972	
1.279999971	
1.279999971	
1.279999971	
1.289999971	
1.289999971	
1.299999971	
1.299999971	
1.309999971	
1.309999971	
1.319999971	
1.32999997	
1.32999997	
1.32999997	
1.32999997	
1.32999997	
1.33999997	
1.33999997	
1.33999997	
1.33999997	
1.34999997	
1.35999997	
1.35999997	
1.369999969	
1.369999969	
1.369999969	
1.369999969	
1.369999969	
1.369999969	
1.379999969	
1.379999969	
1.379999969	
1.389999969	
1.409999969	
1.419999968	
1.419999968	
1.419999968	
1.429999968	
1.429999968	
1.439999968	
1.439999968	
1.439999968	
1.449999968	
1.449999968	
1.449999968	
1.459999967	
1.459999967	
1.469999967	
1.469999967	
1.469999967	
1.479999967	
1.479999967	
1.489999967	
1.499999966	
1.499999966	
1.499999966	
1.499999966	
1.509999966	
1.509999966	
1.519999966	
1.519999966	
1.519999966	
1.519999966	
1.519999966	
1.519999966	
1.539999966	
1.539999966	
1.549999965	
1.549999965	
1.549999965	
1.549999965	
1.559999965	
1.559999965	
1.559999965	
1.569999965	
1.569999965	
1.569999965	
1.579999965	
1.589999965	
1.589999965	
1.589999965	
1.609999964	
1.609999964	
1.609999964	
1.629999964	
1.629999964	
1.639999963	
1.639999963	
1.639999963	
1.639999963	
1.649999963	
1.649999963	
1.659999963	
1.659999963	
1.659999963	
1.669999963	
1.669999963	
1.669999963	
1.679999962	
1.679999962	
1.709999962	
1.719999962	
1.719999962	
1.719999962	
1.739999961	
1.749999961	
1.749999961	
1.749999961	
1.759999961	
1.76999996	
1.76999996	
1.76999996	
1.77999996	
1.77999996	
1.79999996	
1.80999996	
1.80999996	
1.80999996	
1.80999996	
1.80999996	
1.80999996	
1.819999959	
1.829999959	
1.849999959	
1.849999959	
1.859999958	
1.859999958	
1.869999958	
1.879999958	
1.899999957	
1.919999957	
1.919999957	
1.929999957	
1.939999957	
1.949999956	
1.949999956	
1.959999956	
2.009999955	
2.019999955	
2.029999955	
2.039999954	
2.049999954	
2.079999954	
2.119999953	
2.129999952	
2.169999951	
2.179999951	
2.179999951	
2.179999951	
2.209999951	
2.22999995	
2.22999995	
2.23999995	
2.23999995	
2.23999995	
2.24999995	
2.25999995	
2.279999949	
2.299999949	
2.339999948	
2.399999946	
2.399999946	
2.409999946	
2.479999945	
2.499999944	
2.549999943	
2.569999943	
2.66999994	
2.67999994	
2.769999938	
2.779999938	
2.809999937	
2.899999935	
2.939999934	
2.969999934	
2.999999933	
3.049999932	
3.059999932	
3.069999931	
3.12999993	
3.159999929	
3.189999929	
3.279999927	
3.379999924	
3.449999923	
3.479999922	
3.59999992	
3.739999916	
3.909999913	
4.01999991	
4.03999991	
4.189999906	
4.209999906	
4.439999901	
4.579999898	
4.589999897	
4.609999897	
4.629999897	
4.759999894	
5.209999884	
6.419999856	
6.859999847	
33.13999926	
