0	1
0.45999999	0.999
0.489999989	0.998
0.509999989	0.997
0.509999989	0.996
0.509999989	0.995
0.509999989	0.994
0.519999988	0.993
0.519999988	0.992
0.519999988	0.991
0.519999988	0.99
0.519999988	0.989
0.529999988	0.988
0.529999988	0.987
0.529999988	0.986
0.529999988	0.985
0.529999988	0.984
0.529999988	0.983
0.529999988	0.982
0.529999988	0.981
0.529999988	0.98
0.529999988	0.979
0.529999988	0.978
0.529999988	0.977
0.529999988	0.976
0.539999988	0.975
0.539999988	0.974
0.539999988	0.973
0.539999988	0.972
0.539999988	0.971
0.539999988	0.97
0.539999988	0.969
0.539999988	0.968
0.539999988	0.967
0.539999988	0.966
0.539999988	0.965
0.539999988	0.964
0.539999988	0.963
0.539999988	0.962
0.549999988	0.961
0.549999988	0.96
0.549999988	0.959
0.549999988	0.958
0.549999988	0.957
0.549999988	0.956
0.549999988	0.955
0.549999988	0.954
0.549999988	0.953
0.549999988	0.952
0.549999988	0.951
0.549999988	0.95
0.549999988	0.949
0.559999988	0.948
0.559999988	0.947
0.559999988	0.946
0.559999988	0.945
0.559999988	0.944
0.559999988	0.943
0.559999988	0.942
0.559999988	0.941
0.559999988	0.94
0.559999988	0.939
0.559999988	0.938
0.559999988	0.937
0.559999988	0.936
0.559999988	0.935
0.569999987	0.934
0.569999987	0.933
0.569999987	0.932
0.569999987	0.931
0.569999987	0.93
0.569999987	0.929
0.569999987	0.928
0.569999987	0.927
0.569999987	0.926
0.569999987	0.925
0.569999987	0.924
0.569999987	0.923
0.569999987	0.922
0.579999987	0.921
0.579999987	0.92
0.579999987	0.919
0.579999987	0.918
0.579999987	0.917
0.579999987	0.916
0.579999987	0.915
0.579999987	0.914
0.579999987	0.913
0.579999987	0.912
0.579999987	0.911
0.579999987	0.91
0.579999987	0.909
0.579999987	0.908
0.579999987	0.907
0.579999987	0.906
0.579999987	0.905
0.579999987	0.904
0.579999987	0.903
0.579999987	0.902
0.589999987	0.901
0.589999987	0.9
0.589999987	0.899
0.589999987	0.898
0.589999987	0.897
0.589999987	0.896
0.589999987	0.895
0.589999987	0.894
0.589999987	0.893
0.589999987	0.892
0.589999987	0.891
0.589999987	0.89
0.589999987	0.889
0.589999987	0.888
0.589999987	0.887
0.599999987	0.886
0.599999987	0.885
0.599999987	0.884
0.599999987	0.883
0.599999987	0.882
0.599999987	0.881
0.599999987	0.88
0.599999987	0.879
0.599999987	0.878
0.599999987	0.877
0.599999987	0.876
0.599999987	0.875
0.599999987	0.874
0.599999987	0.873
0.599999987	0.872
0.599999987	0.871
0.599999987	0.87
0.599999987	0.869
0.599999987	0.868
0.599999987	0.867
0.599999987	0.866
0.599999987	0.865
0.599999987	0.864
0.599999987	0.863
0.599999987	0.862
0.599999987	0.861
0.599999987	0.86
0.599999987	0.859
0.599999987	0.858
0.599999987	0.857
0.599999987	0.856
0.599999987	0.855
0.599999987	0.854
0.599999987	0.853
0.609999986	0.852
0.609999986	0.851
0.609999986	0.85
0.609999986	0.849
0.609999986	0.848
0.609999986	0.847
0.609999986	0.846
0.609999986	0.845
0.609999986	0.844
0.609999986	0.843
0.609999986	0.842
0.609999986	0.841
0.609999986	0.84
0.609999986	0.839
0.609999986	0.838
0.609999986	0.837
0.609999986	0.836
0.609999986	0.835
0.609999986	0.834
0.609999986	0.833
0.609999986	0.832
0.609999986	0.831
0.609999986	0.83
0.609999986	0.829
0.609999986	0.828
0.609999986	0.827
0.609999986	0.826
0.609999986	0.825
0.609999986	0.824
0.609999986	0.823
0.619999986	0.822
0.619999986	0.821
0.619999986	0.82
0.619999986	0.819
0.619999986	0.818
0.619999986	0.817
0.619999986	0.816
0.619999986	0.815
0.619999986	0.814
0.619999986	0.813
0.619999986	0.812
0.619999986	0.811
0.619999986	0.81
0.619999986	0.809
0.619999986	0.808
0.619999986	0.807
0.619999986	0.806
0.619999986	0.805
0.619999986	0.804
0.619999986	0.803
0.619999986	0.802
0.619999986	0.801
0.619999986	0.8
0.619999986	0.799
0.619999986	0.798
0.619999986	0.797
0.619999986	0.796
0.619999986	0.795
0.629999986	0.794
0.629999986	0.793
0.629999986	0.792
0.629999986	0.791
0.629999986	0.79
0.629999986	0.789
0.629999986	0.788
0.629999986	0.787
0.629999986	0.786
0.629999986	0.785
0.629999986	0.784
0.629999986	0.783
0.629999986	0.782
0.629999986	0.781
0.629999986	0.78
0.629999986	0.779
0.629999986	0.778
0.629999986	0.777
0.629999986	0.776
0.629999986	0.775
0.629999986	0.774
0.629999986	0.773
0.629999986	0.772
0.639999986	0.771
0.639999986	0.77
0.639999986	0.769
0.639999986	0.768
0.639999986	0.767
0.639999986	0.766
0.639999986	0.765
0.639999986	0.764
0.639999986	0.763
0.639999986	0.762
0.639999986	0.761
0.639999986	0.76
0.639999986	0.759
0.639999986	0.758
0.639999986	0.757
0.639999986	0.756
0.639999986	0.755
0.639999986	0.754
0.639999986	0.753
0.639999986	0.752
0.639999986	0.751
0.639999986	0.75
0.639999986	0.749
0.639999986	0.748
0.649999986	0.747
0.649999986	0.746
0.649999986	0.745
0.649999986	0.744
0.649999986	0.743
0.649999986	0.742
0.649999986	0.741
0.649999986	0.74
0.649999986	0.739
0.649999986	0.738
0.649999986	0.737
0.649999986	0.736
0.649999986	0.735
0.649999986	0.734
0.649999986	0.733
0.649999986	0.732
0.649999986	0.731
0.649999986	0.73
0.659999985	0.729
0.659999985	0.728
0.659999985	0.727
0.659999985	0.726
0.659999985	0.725
0.659999985	0.724
0.659999985	0.723
0.659999985	0.722
0.659999985	0.721
0.659999985	0.72
0.659999985	0.719
0.659999985	0.718
0.659999985	0.717
0.659999985	0.716
0.659999985	0.715
0.659999985	0.714
0.659999985	0.713
0.659999985	0.712
0.659999985	0.711
0.659999985	0.71
0.659999985	0.709
0.659999985	0.708
0.659999985	0.707
0.659999985	0.706
0.659999985	0.705
0.659999985	0.704
0.659999985	0.703
0.659999985	0.702
0.659999985	0.701
0.659999985	0.7
0.669999985	0.699
0.669999985	0.698
0.669999985	0.697
0.669999985	0.696
0.669999985	0.695
0.669999985	0.694
0.669999985	0.693
0.669999985	0.692
0.669999985	0.691
0.669999985	0.69
0.669999985	0.689
0.669999985	0.688
0.669999985	0.687
0.669999985	0.686
0.669999985	0.685
0.669999985	0.684
0.669999985	0.683
0.669999985	0.682
0.669999985	0.681
0.669999985	0.68
0.669999985	0.679
0.679999985	0.678
0.679999985	0.677
0.679999985	0.676
0.679999985	0.675
0.679999985	0.674
0.679999985	0.673
0.679999985	0.672
0.679999985	0.671
0.679999985	0.67
0.679999985	0.669
0.679999985	0.668
0.679999985	0.667
0.679999985	0.666
0.679999985	0.665
0.679999985	0.664
0.679999985	0.663
0.679999985	0.662
0.679999985	0.661
0.679999985	0.66
0.679999985	0.659
0.679999985	0.658
0.679999985	0.657
0.679999985	0.656
0.679999985	0.655
0.679999985	0.654
0.689999985	0.653
0.689999985	0.652
0.689999985	0.651
0.689999985	0.65
0.689999985	0.649
0.689999985	0.648
0.689999985	0.647
0.689999985	0.646
0.689999985	0.645
0.689999985	0.644
0.689999985	0.643
0.689999985	0.642
0.689999985	0.641
0.689999985	0.64
0.689999985	0.639
0.689999985	0.638
0.689999985	0.637
0.689999985	0.636
0.689999985	0.635
0.689999985	0.634
0.689999985	0.633
0.689999985	0.632
0.689999985	0.631
0.689999985	0.63
0.689999985	0.629
0.689999985	0.628
0.689999985	0.627
0.689999985	0.626
0.689999985	0.625
0.689999985	0.624
0.689999985	0.623
0.699999984	0.622
0.699999984	0.621
0.699999984	0.62
0.699999984	0.619
0.699999984	0.618
0.699999984	0.617
0.699999984	0.616
0.699999984	0.615
0.699999984	0.614
0.699999984	0.613
0.699999984	0.612
0.699999984	0.611
0.699999984	0.61
0.699999984	0.609
0.699999984	0.608
0.699999984	0.607
0.699999984	0.606
0.699999984	0.605
0.699999984	0.604
0.709999984	0.603
0.709999984	0.602
0.709999984	0.601
0.709999984	0.6
0.709999984	0.599
0.709999984	0.598
0.709999984	0.597
0.709999984	0.596
0.709999984	0.595
0.709999984	0.594
0.709999984	0.593
0.709999984	0.592
0.709999984	0.591
0.709999984	0.59
0.709999984	0.589
0.709999984	0.588
0.709999984	0.587
0.719999984	0.586
0.719999984	0.585
0.719999984	0.584
0.719999984	0.583
0.719999984	0.582
0.719999984	0.581
0.719999984	0.58
0.719999984	0.579
0.719999984	0.578
0.719999984	0.577
0.719999984	0.576
0.719999984	0.575
0.719999984	0.574
0.719999984	0.573
0.719999984	0.572
0.729999984	0.571
0.729999984	0.57
0.729999984	0.569
0.729999984	0.568
0.729999984	0.567
0.729999984	0.566
0.729999984	0.565
0.729999984	0.564
0.729999984	0.563
0.729999984	0.562
0.729999984	0.561
0.729999984	0.56
0.729999984	0.559
0.729999984	0.558
0.729999984	0.557
0.729999984	0.556
0.739999983	0.555
0.739999983	0.554
0.739999983	0.553
0.739999983	0.552
0.739999983	0.551
0.739999983	0.55
0.739999983	0.549
0.739999983	0.548
0.739999983	0.547
0.739999983	0.546
0.739999983	0.545
0.739999983	0.544
0.739999983	0.543
0.739999983	0.542
0.739999983	0.541
0.739999983	0.54
0.739999983	0.539
0.739999983	0.538
0.739999983	0.537
0.739999983	0.536
0.739999983	0.535
0.739999983	0.534
0.739999983	0.533
0.739999983	0.532
0.739999983	0.531
0.749999983	0.53
0.749999983	0.529
0.749999983	0.528
0.749999983	0.527
0.749999983	0.526
0.749999983	0.525
0.749999983	0.524
0.749999983	0.523
0.749999983	0.522
0.749999983	0.521
0.749999983	0.52
0.749999983	0.519
0.749999983	0.518
0.749999983	0.517
0.749999983	0.516
0.749999983	0.515
0.749999983	0.514
0.749999983	0.513
0.759999983	0.512
0.759999983	0.511
0.759999983	0.51
0.759999983	0.509
0.759999983	0.508
0.759999983	0.507
0.759999983	0.506
0.759999983	0.505
0.759999983	0.504
0.759999983	0.503
0.759999983	0.502
0.769999983	0.501
0.769999983	0.5
0.769999983	0.499
0.769999983	0.498
0.769999983	0.497
0.769999983	0.496
0.769999983	0.495
0.769999983	0.494
0.779999983	0.493
0.779999983	0.492
0.779999983	0.491
0.779999983	0.49
0.779999983	0.489
0.779999983	0.488
0.779999983	0.487
0.779999983	0.486
0.779999983	0.485
0.779999983	0.484
0.779999983	0.483
0.779999983	0.482
0.789999982	0.481
0.789999982	0.48
0.789999982	0.479
0.789999982	0.478
0.789999982	0.477
0.789999982	0.476
0.789999982	0.475
0.789999982	0.474
0.789999982	0.473
0.789999982	0.472
0.789999982	0.471
0.789999982	0.47
0.789999982	0.469
0.789999982	0.468
0.799999982	0.467
0.799999982	0.466
0.799999982	0.465
0.799999982	0.464
0.799999982	0.463
0.799999982	0.462
0.799999982	0.461
0.799999982	0.46
0.799999982	0.459
0.799999982	0.458
0.799999982	0.457
0.799999982	0.456
0.799999982	0.455
0.799999982	0.454
0.799999982	0.453
0.799999982	0.452
0.809999982	0.451
0.809999982	0.45
0.809999982	0.449
0.809999982	0.448
0.809999982	0.447
0.809999982	0.446
0.809999982	0.445
0.809999982	0.444
0.809999982	0.443
0.809999982	0.442
0.809999982	0.441
0.809999982	0.44
0.819999982	0.439
0.819999982	0.438
0.819999982	0.437
0.819999982	0.436
0.819999982	0.435
0.819999982	0.434
0.819999982	0.433
0.819999982	0.432
0.819999982	0.431
0.819999982	0.43
0.819999982	0.429
0.819999982	0.428
0.819999982	0.427
0.819999982	0.426
0.819999982	0.425
0.819999982	0.424
0.819999982	0.423
0.819999982	0.422
0.829999981	0.421
0.829999981	0.42
0.829999981	0.419
0.829999981	0.418
0.829999981	0.417
0.829999981	0.416
0.829999981	0.415
0.829999981	0.414
0.829999981	0.413
0.829999981	0.412
0.829999981	0.411
0.829999981	0.41
0.829999981	0.409
0.839999981	0.408
0.839999981	0.407
0.839999981	0.406
0.839999981	0.405
0.839999981	0.404
0.839999981	0.403
0.839999981	0.402
0.839999981	0.401
0.839999981	0.4
0.839999981	0.399
0.839999981	0.398
0.839999981	0.397
0.839999981	0.396
0.839999981	0.395
0.839999981	0.394
0.839999981	0.393
0.839999981	0.392
0.849999981	0.391
0.849999981	0.39
0.849999981	0.389
0.849999981	0.388
0.849999981	0.387
0.849999981	0.386
0.849999981	0.385
0.849999981	0.384
0.849999981	0.383
0.859999981	0.382
0.859999981	0.381
0.859999981	0.38
0.859999981	0.379
0.859999981	0.378
0.859999981	0.377
0.859999981	0.376
0.859999981	0.375
0.859999981	0.374
0.859999981	0.373
0.859999981	0.372
0.859999981	0.371
0.859999981	0.37
0.869999981	0.369
0.869999981	0.368
0.869999981	0.367
0.869999981	0.366
0.869999981	0.365
0.869999981	0.364
0.869999981	0.363
0.87999998	0.362
0.87999998	0.361
0.87999998	0.36
0.87999998	0.359
0.87999998	0.358
0.87999998	0.357
0.87999998	0.356
0.87999998	0.355
0.87999998	0.354
0.87999998	0.353
0.87999998	0.352
0.87999998	0.351
0.87999998	0.35
0.87999998	0.349
0.87999998	0.348
0.88999998	0.347
0.88999998	0.346
0.88999998	0.345
0.88999998	0.344
0.88999998	0.343
0.89999998	0.342
0.89999998	0.341
0.89999998	0.34
0.89999998	0.339
0.89999998	0.338
0.89999998	0.337
0.89999998	0.336
0.89999998	0.335
0.89999998	0.334
0.89999998	0.333
0.89999998	0.332
0.89999998	0.331
0.89999998	0.33
0.90999998	0.329
0.90999998	0.328
0.90999998	0.327
0.90999998	0.326
0.90999998	0.325
0.90999998	0.324
0.90999998	0.323
0.90999998	0.322
0.90999998	0.321
0.90999998	0.32
0.90999998	0.319
0.90999998	0.318
0.90999998	0.317
0.90999998	0.316
0.919999979	0.315
0.919999979	0.314
0.919999979	0.313
0.919999979	0.312
0.919999979	0.311
0.919999979	0.31
0.919999979	0.309
0.919999979	0.308
0.919999979	0.307
0.919999979	0.306
0.919999979	0.305
0.929999979	0.304
0.929999979	0.303
0.929999979	0.302
0.929999979	0.301
0.929999979	0.3
0.929999979	0.299
0.929999979	0.298
0.929999979	0.297
0.939999979	0.296
0.939999979	0.295
0.939999979	0.294
0.939999979	0.293
0.939999979	0.292
0.939999979	0.291
0.939999979	0.29
0.939999979	0.289
0.939999979	0.288
0.939999979	0.287
0.949999979	0.286
0.949999979	0.285
0.949999979	0.284
0.949999979	0.283
0.949999979	0.282
0.949999979	0.281
0.949999979	0.28
0.949999979	0.279
0.959999978	0.278
0.959999978	0.277
0.959999978	0.276
0.959999978	0.275
0.959999978	0.274
0.959999978	0.273
0.959999978	0.272
0.959999978	0.271
0.959999978	0.27
0.959999978	0.269
0.959999978	0.268
0.959999978	0.267
0.959999978	0.266
0.959999978	0.265
0.969999978	0.264
0.969999978	0.263
0.969999978	0.262
0.969999978	0.261
0.969999978	0.26
0.969999978	0.259
0.979999978	0.258
0.979999978	0.257
0.979999978	0.256
0.989999978	0.255
0.989999978	0.254
0.989999978	0.253
0.989999978	0.252
0.989999978	0.251
0.989999978	0.25
0.989999978	0.249
0.989999978	0.248
0.989999978	0.247
0.989999978	0.246
0.989999978	0.245
0.999999978	0.244
0.999999978	0.243
0.999999978	0.242
0.999999978	0.241
0.999999978	0.24
0.999999978	0.239
0.999999978	0.238
0.999999978	0.237
0.999999978	0.236
0.999999978	0.235
0.999999978	0.234
1.009999977	0.233
1.009999977	0.232
1.009999977	0.231
1.009999977	0.23
1.009999977	0.229
1.009999977	0.228
1.009999977	0.227
1.009999977	0.226
1.009999977	0.225
1.009999977	0.224
1.009999977	0.223
1.009999977	0.222
1.009999977	0.221
1.009999977	0.22
1.019999977	0.219
1.019999977	0.218
1.019999977	0.217
1.019999977	0.216
1.019999977	0.215
1.019999977	0.214
1.019999977	0.213
1.019999977	0.212
1.019999977	0.211
1.019999977	0.21
1.029999977	0.209
1.029999977	0.208
1.029999977	0.207
1.029999977	0.206
1.029999977	0.205
1.029999977	0.204
1.039999977	0.203
1.039999977	0.202
1.039999977	0.201
1.039999977	0.2
1.039999977	0.199
1.039999977	0.198
1.039999977	0.197
1.039999977	0.196
1.039999977	0.195
1.049999977	0.194
1.049999977	0.193
1.049999977	0.192
1.049999977	0.191
1.049999977	0.19
1.049999977	0.189
1.049999977	0.188
1.059999976	0.187
1.059999976	0.186
1.059999976	0.185
1.059999976	0.184
1.059999976	0.183
1.059999976	0.182
1.059999976	0.181
1.059999976	0.18
1.059999976	0.179
1.059999976	0.178
1.069999976	0.177
1.069999976	0.176
1.079999976	0.175
1.079999976	0.174
1.079999976	0.173
1.079999976	0.172
1.079999976	0.171
1.089999976	0.17
1.089999976	0.169
1.089999976	0.168
1.089999976	0.167
1.089999976	0.166
1.099999975	0.165
1.099999975	0.164
1.099999975	0.163
1.099999975	0.162
1.109999975	0.161
1.109999975	0.16
1.109999975	0.159
1.109999975	0.158
1.119999975	0.157
1.119999975	0.156
1.119999975	0.155
1.119999975	0.154
1.119999975	0.153
1.129999975	0.152
1.129999975	0.151
1.129999975	0.15
1.129999975	0.149
1.129999975	0.148
1.129999975	0.147
1.129999975	0.146
1.129999975	0.145
1.139999975	0.144
1.139999975	0.143
1.139999975	0.142
1.139999975	0.141
1.139999975	0.14
1.139999975	0.139
1.149999974	0.138
1.149999974	0.137
1.149999974	0.136
1.149999974	0.135
1.149999974	0.134
1.159999974	0.133
1.159999974	0.132
1.169999974	0.131
1.169999974	0.13
1.169999974	0.129
1.179999974	0.128
1.179999974	0.127
1.179999974	0.126
1.189999973	0.125
1.189999973	0.124
1.199999973	0.123
1.199999973	0.122
1.199999973	0.121
1.199999973	0.12
1.199999973	0.119
1.209999973	0.118
1.209999973	0.117
1.209999973	0.116
1.219999973	0.115
1.219999973	0.114
1.219999973	0.113
1.219999973	0.112
1.219999973	0.111
1.229999972	0.11
1.229999972	0.109
1.229999972	0.108
1.229999972	0.107
1.229999972	0.106
1.239999972	0.105
1.239999972	0.104
1.239999972	0.103
1.239999972	0.102
1.239999972	0.101
1.239999972	0.1
1.239999972	0.099
1.239999972	0.098
1.249999972	0.097
1.249999972	0.096
1.249999972	0.095
1.249999972	0.094
1.249999972	0.093
1.259999972	0.092
1.259999972	0.091
1.269999972	0.09
1.279999971	0.089
1.279999971	0.088
1.289999971	0.087
1.289999971	0.086
1.289999971	0.085
1.299999971	0.084
1.299999971	0.083
1.309999971	0.082
1.309999971	0.081
1.309999971	0.08
1.319999971	0.079
1.32999997	0.078
1.32999997	0.077
1.32999997	0.076
1.32999997	0.075
1.33999997	0.074
1.34999997	0.073
1.34999997	0.072
1.35999997	0.071
1.35999997	0.07
1.35999997	0.069
1.369999969	0.068
1.369999969	0.067
1.369999969	0.066
1.379999969	0.065
1.389999969	0.064
1.389999969	0.063
1.399999969	0.062
1.399999969	0.061
1.429999968	0.06
1.439999968	0.059
1.449999968	0.058
1.459999967	0.057
1.469999967	0.056
1.469999967	0.055
1.479999967	0.054
1.479999967	0.053
1.489999967	0.052
1.489999967	0.051
1.489999967	0.05
1.499999966	0.049
1.499999966	0.048
1.519999966	0.047
1.539999966	0.046
1.539999966	0.045
1.539999966	0.044
1.539999966	0.043
1.559999965	0.042
1.569999965	0.041
1.569999965	0.04
1.579999965	0.039
1.589999965	0.038
1.599999964	0.037
1.609999964	0.036
1.649999963	0.035
1.649999963	0.034
1.659999963	0.033
1.679999962	0.032
1.679999962	0.031
1.699999962	0.03
1.709999962	0.029
1.719999962	0.028
1.719999962	0.027
1.729999961	0.026
1.749999961	0.025
1.749999961	0.024
1.829999959	0.023
1.839999959	0.022
1.859999958	0.021
1.859999958	0.02
1.889999958	0.019
1.899999957	0.018
1.919999957	0.017
1.969999956	0.016
1.979999956	0.015
2.009999955	0.014
2.019999955	0.013
2.089999953	0.012
2.089999953	0.011
2.149999952	0.01
2.459999945	0.009
2.559999943	0.008
2.69999994	0.007
2.949999934	0.006
3.449999923	0.005
3.899999913	0.004
6.229999861	0.003
6.349999858	0.002
14.61999967	0.001
20.01999955	0
