0	1
0.699999984	0.999
0.709999984	0.998
0.709999984	0.997
0.789999982	0.996
0.799999982	0.995
0.799999982	0.994
0.799999982	0.993
0.809999982	0.992
0.809999982	0.991
0.819999982	0.99
0.819999982	0.989
0.819999982	0.988
0.829999981	0.987
0.829999981	0.986
0.829999981	0.985
0.839999981	0.984
0.839999981	0.983
0.839999981	0.982
0.839999981	0.981
0.849999981	0.98
0.849999981	0.979
0.849999981	0.978
0.869999981	0.977
0.869999981	0.976
0.869999981	0.975
0.869999981	0.974
0.869999981	0.973
0.869999981	0.972
0.869999981	0.971
0.869999981	0.97
0.87999998	0.969
0.88999998	0.968
0.88999998	0.967
0.88999998	0.966
0.88999998	0.965
0.89999998	0.964
0.89999998	0.963
0.89999998	0.962
0.89999998	0.961
0.90999998	0.96
0.90999998	0.959
0.90999998	0.958
0.919999979	0.957
0.919999979	0.956
0.919999979	0.955
0.919999979	0.954
0.929999979	0.953
0.929999979	0.952
0.939999979	0.951
0.939999979	0.95
0.939999979	0.949
0.939999979	0.948
0.939999979	0.947
0.939999979	0.946
0.949999979	0.945
0.949999979	0.944
0.949999979	0.943
0.959999978	0.942
0.959999978	0.941
0.959999978	0.94
0.959999978	0.939
0.969999978	0.938
0.969999978	0.937
0.969999978	0.936
0.969999978	0.935
0.969999978	0.934
0.969999978	0.933
0.969999978	0.932
0.969999978	0.931
0.969999978	0.93
0.979999978	0.929
0.989999978	0.928
0.989999978	0.927
0.989999978	0.926
0.989999978	0.925
0.989999978	0.924
0.989999978	0.923
0.989999978	0.922
0.989999978	0.921
0.989999978	0.92
0.989999978	0.919
0.989999978	0.918
0.999999978	0.917
0.999999978	0.916
0.999999978	0.915
1.009999977	0.914
1.009999977	0.913
1.009999977	0.912
1.009999977	0.911
1.009999977	0.91
1.009999977	0.909
1.009999977	0.908
1.019999977	0.907
1.019999977	0.906
1.019999977	0.905
1.019999977	0.904
1.019999977	0.903
1.029999977	0.902
1.029999977	0.901
1.029999977	0.9
1.029999977	0.899
1.039999977	0.898
1.039999977	0.897
1.039999977	0.896
1.039999977	0.895
1.039999977	0.894
1.049999977	0.893
1.049999977	0.892
1.049999977	0.891
1.049999977	0.89
1.059999976	0.889
1.059999976	0.888
1.059999976	0.887
1.059999976	0.886
1.059999976	0.885
1.059999976	0.884
1.059999976	0.883
1.059999976	0.882
1.059999976	0.881
1.069999976	0.88
1.069999976	0.879
1.069999976	0.878
1.069999976	0.877
1.069999976	0.876
1.069999976	0.875
1.069999976	0.874
1.069999976	0.873
1.079999976	0.872
1.079999976	0.871
1.079999976	0.87
1.079999976	0.869
1.089999976	0.868
1.089999976	0.867
1.089999976	0.866
1.089999976	0.865
1.089999976	0.864
1.089999976	0.863
1.089999976	0.862
1.089999976	0.861
1.099999975	0.86
1.099999975	0.859
1.099999975	0.858
1.099999975	0.857
1.099999975	0.856
1.099999975	0.855
1.099999975	0.854
1.099999975	0.853
1.099999975	0.852
1.099999975	0.851
1.109999975	0.85
1.109999975	0.849
1.109999975	0.848
1.109999975	0.847
1.109999975	0.846
1.109999975	0.845
1.109999975	0.844
1.109999975	0.843
1.109999975	0.842
1.109999975	0.841
1.119999975	0.84
1.119999975	0.839
1.119999975	0.838
1.119999975	0.837
1.119999975	0.836
1.119999975	0.835
1.119999975	0.834
1.119999975	0.833
1.129999975	0.832
1.129999975	0.831
1.129999975	0.83
1.129999975	0.829
1.129999975	0.828
1.129999975	0.827
1.129999975	0.826
1.129999975	0.825
1.139999975	0.824
1.139999975	0.823
1.139999975	0.822
1.139999975	0.821
1.139999975	0.82
1.139999975	0.819
1.139999975	0.818
1.139999975	0.817
1.149999974	0.816
1.149999974	0.815
1.149999974	0.814
1.159999974	0.813
1.159999974	0.812
1.159999974	0.811
1.159999974	0.81
1.159999974	0.809
1.159999974	0.808
1.159999974	0.807
1.169999974	0.806
1.169999974	0.805
1.169999974	0.804
1.169999974	0.803
1.169999974	0.802
1.169999974	0.801
1.169999974	0.8
1.179999974	0.799
1.179999974	0.798
1.189999973	0.797
1.189999973	0.796
1.189999973	0.795
1.189999973	0.794
1.189999973	0.793
1.189999973	0.792
1.189999973	0.791
1.199999973	0.79
1.199999973	0.789
1.199999973	0.788
1.199999973	0.787
1.199999973	0.786
1.209999973	0.785
1.209999973	0.784
1.209999973	0.783
1.209999973	0.782
1.209999973	0.781
1.209999973	0.78
1.209999973	0.779
1.209999973	0.778
1.219999973	0.777
1.219999973	0.776
1.219999973	0.775
1.219999973	0.774
1.219999973	0.773
1.219999973	0.772
1.219999973	0.771
1.219999973	0.77
1.219999973	0.769
1.219999973	0.768
1.229999972	0.767
1.229999972	0.766
1.229999972	0.765
1.229999972	0.764
1.229999972	0.763
1.229999972	0.762
1.239999972	0.761
1.239999972	0.76
1.239999972	0.759
1.239999972	0.758
1.239999972	0.757
1.239999972	0.756
1.249999972	0.755
1.249999972	0.754
1.249999972	0.753
1.249999972	0.752
1.249999972	0.751
1.259999972	0.75
1.259999972	0.749
1.259999972	0.748
1.259999972	0.747
1.269999972	0.746
1.269999972	0.745
1.269999972	0.744
1.269999972	0.743
1.269999972	0.742
1.269999972	0.741
1.269999972	0.74
1.279999971	0.739
1.279999971	0.738
1.279999971	0.737
1.279999971	0.736
1.279999971	0.735
1.279999971	0.734
1.279999971	0.733
1.279999971	0.732
1.289999971	0.731
1.289999971	0.73
1.289999971	0.729
1.289999971	0.728
1.289999971	0.727
1.289999971	0.726
1.299999971	0.725
1.299999971	0.724
1.309999971	0.723
1.309999971	0.722
1.309999971	0.721
1.309999971	0.72
1.309999971	0.719
1.319999971	0.718
1.319999971	0.717
1.319999971	0.716
1.319999971	0.715
1.319999971	0.714
1.32999997	0.713
1.32999997	0.712
1.32999997	0.711
1.32999997	0.71
1.32999997	0.709
1.32999997	0.708
1.32999997	0.707
1.32999997	0.706
1.33999997	0.705
1.33999997	0.704
1.33999997	0.703
1.33999997	0.702
1.33999997	0.701
1.33999997	0.7
1.34999997	0.699
1.34999997	0.698
1.34999997	0.697
1.34999997	0.696
1.34999997	0.695
1.34999997	0.694
1.34999997	0.693
1.34999997	0.692
1.34999997	0.691
1.35999997	0.69
1.35999997	0.689
1.35999997	0.688
1.369999969	0.687
1.369999969	0.686
1.369999969	0.685
1.369999969	0.684
1.369999969	0.683
1.369999969	0.682
1.369999969	0.681
1.379999969	0.68
1.379999969	0.679
1.379999969	0.678
1.379999969	0.677
1.379999969	0.676
1.379999969	0.675
1.389999969	0.674
1.399999969	0.673
1.399999969	0.672
1.399999969	0.671
1.399999969	0.67
1.399999969	0.669
1.409999969	0.668
1.409999969	0.667
1.409999969	0.666
1.409999969	0.665
1.419999968	0.664
1.419999968	0.663
1.419999968	0.662
1.419999968	0.661
1.419999968	0.66
1.419999968	0.659
1.419999968	0.658
1.419999968	0.657
1.419999968	0.656
1.419999968	0.655
1.419999968	0.654
1.429999968	0.653
1.429999968	0.652
1.439999968	0.651
1.439999968	0.65
1.439999968	0.649
1.439999968	0.648
1.439999968	0.647
1.439999968	0.646
1.449999968	0.645
1.449999968	0.644
1.449999968	0.643
1.449999968	0.642
1.449999968	0.641
1.449999968	0.64
1.459999967	0.639
1.459999967	0.638
1.469999967	0.637
1.469999967	0.636
1.469999967	0.635
1.469999967	0.634
1.469999967	0.633
1.469999967	0.632
1.469999967	0.631
1.469999967	0.63
1.479999967	0.629
1.479999967	0.628
1.479999967	0.627
1.489999967	0.626
1.489999967	0.625
1.489999967	0.624
1.489999967	0.623
1.489999967	0.622
1.489999967	0.621
1.489999967	0.62
1.489999967	0.619
1.499999966	0.618
1.499999966	0.617
1.499999966	0.616
1.499999966	0.615
1.509999966	0.614
1.509999966	0.613
1.509999966	0.612
1.509999966	0.611
1.509999966	0.61
1.509999966	0.609
1.519999966	0.608
1.519999966	0.607
1.519999966	0.606
1.519999966	0.605
1.519999966	0.604
1.519999966	0.603
1.529999966	0.602
1.529999966	0.601
1.529999966	0.6
1.539999966	0.599
1.539999966	0.598
1.539999966	0.597
1.539999966	0.596
1.539999966	0.595
1.539999966	0.594
1.549999965	0.593
1.549999965	0.592
1.549999965	0.591
1.559999965	0.59
1.559999965	0.589
1.559999965	0.588
1.559999965	0.587
1.559999965	0.586
1.559999965	0.585
1.569999965	0.584
1.569999965	0.583
1.579999965	0.582
1.579999965	0.581
1.579999965	0.58
1.579999965	0.579
1.579999965	0.578
1.589999965	0.577
1.589999965	0.576
1.589999965	0.575
1.589999965	0.574
1.589999965	0.573
1.589999965	0.572
1.589999965	0.571
1.599999964	0.57
1.599999964	0.569
1.609999964	0.568
1.609999964	0.567
1.609999964	0.566
1.609999964	0.565
1.609999964	0.564
1.609999964	0.563
1.619999964	0.562
1.619999964	0.561
1.619999964	0.56
1.619999964	0.559
1.619999964	0.558
1.619999964	0.557
1.619999964	0.556
1.629999964	0.555
1.629999964	0.554
1.629999964	0.553
1.639999963	0.552
1.639999963	0.551
1.639999963	0.55
1.639999963	0.549
1.639999963	0.548
1.639999963	0.547
1.639999963	0.546
1.649999963	0.545
1.649999963	0.544
1.659999963	0.543
1.659999963	0.542
1.669999963	0.541
1.669999963	0.54
1.669999963	0.539
1.679999962	0.538
1.679999962	0.537
1.689999962	0.536
1.689999962	0.535
1.689999962	0.534
1.689999962	0.533
1.699999962	0.532
1.699999962	0.531
1.699999962	0.53
1.699999962	0.529
1.699999962	0.528
1.699999962	0.527
1.699999962	0.526
1.709999962	0.525
1.709999962	0.524
1.709999962	0.523
1.709999962	0.522
1.709999962	0.521
1.709999962	0.52
1.719999962	0.519
1.719999962	0.518
1.719999962	0.517
1.719999962	0.516
1.719999962	0.515
1.719999962	0.514
1.719999962	0.513
1.719999962	0.512
1.729999961	0.511
1.729999961	0.51
1.739999961	0.509
1.739999961	0.508
1.739999961	0.507
1.739999961	0.506
1.739999961	0.505
1.749999961	0.504
1.749999961	0.503
1.749999961	0.502
1.749999961	0.501
1.759999961	0.5
1.759999961	0.499
1.759999961	0.498
1.759999961	0.497
1.759999961	0.496
1.76999996	0.495
1.76999996	0.494
1.77999996	0.493
1.77999996	0.492
1.77999996	0.491
1.78999996	0.49
1.79999996	0.489
1.79999996	0.488
1.79999996	0.487
1.79999996	0.486
1.80999996	0.485
1.80999996	0.484
1.80999996	0.483
1.819999959	0.482
1.819999959	0.481
1.819999959	0.48
1.829999959	0.479
1.829999959	0.478
1.829999959	0.477
1.839999959	0.476
1.839999959	0.475
1.839999959	0.474
1.839999959	0.473
1.839999959	0.472
1.859999958	0.471
1.859999958	0.47
1.859999958	0.469
1.859999958	0.468
1.869999958	0.467
1.869999958	0.466
1.879999958	0.465
1.879999958	0.464
1.879999958	0.463
1.879999958	0.462
1.879999958	0.461
1.889999958	0.46
1.889999958	0.459
1.889999958	0.458
1.889999958	0.457
1.889999958	0.456
1.889999958	0.455
1.899999957	0.454
1.899999957	0.453
1.899999957	0.452
1.899999957	0.451
1.909999957	0.45
1.909999957	0.449
1.909999957	0.448
1.909999957	0.447
1.909999957	0.446
1.909999957	0.445
1.909999957	0.444
1.919999957	0.443
1.919999957	0.442
1.919999957	0.441
1.919999957	0.44
1.929999957	0.439
1.929999957	0.438
1.929999957	0.437
1.929999957	0.436
1.939999957	0.435
1.939999957	0.434
1.939999957	0.433
1.949999956	0.432
1.949999956	0.431
1.949999956	0.43
1.959999956	0.429
1.959999956	0.428
1.959999956	0.427
1.969999956	0.426
1.969999956	0.425
1.969999956	0.424
1.969999956	0.423
1.979999956	0.422
1.999999955	0.421
2.019999955	0.42
2.019999955	0.419
2.029999955	0.418
2.029999955	0.417
2.029999955	0.416
2.039999954	0.415
2.039999954	0.414
2.039999954	0.413
2.049999954	0.412
2.049999954	0.411
2.049999954	0.41
2.059999954	0.409
2.059999954	0.408
2.069999954	0.407
2.069999954	0.406
2.069999954	0.405
2.069999954	0.404
2.069999954	0.403
2.079999954	0.402
2.079999954	0.401
2.089999953	0.4
2.089999953	0.399
2.089999953	0.398
2.089999953	0.397
2.099999953	0.396
2.109999953	0.395
2.109999953	0.394
2.109999953	0.393
2.109999953	0.392
2.119999953	0.391
2.119999953	0.39
2.129999952	0.389
2.129999952	0.388
2.139999952	0.387
2.139999952	0.386
2.149999952	0.385
2.149999952	0.384
2.149999952	0.383
2.159999952	0.382
2.159999952	0.381
2.169999951	0.38
2.179999951	0.379
2.179999951	0.378
2.179999951	0.377
2.179999951	0.376
2.189999951	0.375
2.199999951	0.374
2.209999951	0.373
2.209999951	0.372
2.209999951	0.371
2.209999951	0.37
2.21999995	0.369
2.22999995	0.368
2.25999995	0.367
2.25999995	0.366
2.25999995	0.365
2.25999995	0.364
2.269999949	0.363
2.269999949	0.362
2.269999949	0.361
2.279999949	0.36
2.279999949	0.359
2.279999949	0.358
2.279999949	0.357
2.279999949	0.356
2.289999949	0.355
2.299999949	0.354
2.299999949	0.353
2.309999948	0.352
2.309999948	0.351
2.309999948	0.35
2.309999948	0.349
2.329999948	0.348
2.329999948	0.347
2.329999948	0.346
2.329999948	0.345
2.329999948	0.344
2.349999948	0.343
2.349999948	0.342
2.359999947	0.341
2.359999947	0.34
2.369999947	0.339
2.379999947	0.338
2.379999947	0.337
2.389999947	0.336
2.389999947	0.335
2.389999947	0.334
2.399999946	0.333
2.399999946	0.332
2.399999946	0.331
2.399999946	0.33
2.409999946	0.329
2.409999946	0.328
2.409999946	0.327
2.409999946	0.326
2.409999946	0.325
2.429999946	0.324
2.429999946	0.323
2.439999945	0.322
2.449999945	0.321
2.449999945	0.32
2.449999945	0.319
2.449999945	0.318
2.459999945	0.317
2.469999945	0.316
2.469999945	0.315
2.479999945	0.314
2.479999945	0.313
2.479999945	0.312
2.489999944	0.311
2.489999944	0.31
2.499999944	0.309
2.499999944	0.308
2.499999944	0.307
2.499999944	0.306
2.509999944	0.305
2.529999944	0.304
2.529999944	0.303
2.529999944	0.302
2.529999944	0.301
2.559999943	0.3
2.559999943	0.299
2.559999943	0.298
2.569999943	0.297
2.579999942	0.296
2.579999942	0.295
2.589999942	0.294
2.609999942	0.293
2.609999942	0.292
2.609999942	0.291
2.629999941	0.29
2.629999941	0.289
2.639999941	0.288
2.639999941	0.287
2.639999941	0.286
2.639999941	0.285
2.639999941	0.284
2.659999941	0.283
2.659999941	0.282
2.66999994	0.281
2.66999994	0.28
2.67999994	0.279
2.67999994	0.278
2.68999994	0.277
2.729999939	0.276
2.729999939	0.275
2.739999939	0.274
2.739999939	0.273
2.749999938	0.272
2.749999938	0.271
2.779999938	0.27
2.799999937	0.269
2.799999937	0.268
2.799999937	0.267
2.799999937	0.266
2.819999937	0.265
2.819999937	0.264
2.829999937	0.263
2.839999936	0.262
2.839999936	0.261
2.849999936	0.26
2.869999936	0.259
2.879999936	0.258
2.879999936	0.257
2.899999935	0.256
2.929999935	0.255
2.929999935	0.254
2.949999934	0.253
2.949999934	0.252
2.949999934	0.251
2.949999934	0.25
2.979999933	0.249
2.989999933	0.248
2.989999933	0.247
2.989999933	0.246
2.989999933	0.245
2.999999933	0.244
2.999999933	0.243
3.009999933	0.242
3.009999933	0.241
3.029999932	0.24
3.039999932	0.239
3.039999932	0.238
3.039999932	0.237
3.049999932	0.236
3.069999931	0.235
3.079999931	0.234
3.089999931	0.233
3.089999931	0.232
3.089999931	0.231
3.099999931	0.23
3.099999931	0.229
3.11999993	0.228
3.11999993	0.227
3.12999993	0.226
3.12999993	0.225
3.13999993	0.224
3.13999993	0.223
3.14999993	0.222
3.14999993	0.221
3.159999929	0.22
3.159999929	0.219
3.159999929	0.218
3.169999929	0.217
3.179999929	0.216
3.199999929	0.215
3.199999929	0.214
3.209999928	0.213
3.219999928	0.212
3.229999928	0.211
3.259999927	0.21
3.289999927	0.209
3.289999927	0.208
3.309999926	0.207
3.309999926	0.206
3.309999926	0.205
3.329999926	0.204
3.359999925	0.203
3.359999925	0.202
3.379999924	0.201
3.389999924	0.2
3.389999924	0.199
3.469999922	0.198
3.469999922	0.197
3.469999922	0.196
3.469999922	0.195
3.479999922	0.194
3.499999922	0.193
3.499999922	0.192
3.519999921	0.191
3.539999921	0.19
3.57999992	0.189
3.59999992	0.188
3.629999919	0.187
3.669999918	0.186
3.679999918	0.185
3.699999917	0.184
3.709999917	0.183
3.719999917	0.182
3.739999916	0.181
3.739999916	0.18
3.779999915	0.179
3.819999915	0.178
3.879999913	0.177
3.889999913	0.176
3.899999913	0.175
3.909999913	0.174
3.929999912	0.173
3.929999912	0.172
3.939999912	0.171
3.959999912	0.17
3.969999911	0.169
4.00999991	0.168
4.02999991	0.167
4.03999991	0.166
4.04999991	0.165
4.059999909	0.164
4.069999909	0.163
4.089999909	0.162
4.109999908	0.161
4.109999908	0.16
4.109999908	0.159
4.139999908	0.158
4.169999907	0.157
4.179999907	0.156
4.189999906	0.155
4.209999906	0.154
4.209999906	0.153
4.219999906	0.152
4.239999905	0.151
4.299999904	0.15
4.299999904	0.149
4.329999903	0.148
4.349999903	0.147
4.359999903	0.146
4.369999902	0.145
4.389999902	0.144
4.389999902	0.143
4.389999902	0.142
4.399999902	0.141
4.399999902	0.14
4.4499999	0.139
4.4499999	0.138
4.4699999	0.137
4.4799999	0.136
4.499999899	0.135
4.519999899	0.134
4.539999898	0.133
4.539999898	0.132
4.549999898	0.131
4.589999897	0.13
4.639999896	0.129
4.649999896	0.128
4.689999895	0.127
4.759999894	0.126
4.759999894	0.125
4.759999894	0.124
4.789999893	0.123
4.789999893	0.122
4.809999892	0.121
4.809999892	0.12
4.849999892	0.119
4.849999892	0.118
4.869999891	0.117
4.899999891	0.116
5.019999888	0.115
5.039999887	0.114
5.039999887	0.113
5.049999887	0.112
5.089999886	0.111
5.099999886	0.11
5.179999884	0.109
5.209999884	0.108
5.239999883	0.107
5.249999883	0.106
5.259999882	0.105
5.289999882	0.104
5.309999881	0.103
5.339999881	0.102
5.35999988	0.101
5.36999988	0.1
5.37999988	0.099
5.38999988	0.098
5.409999879	0.097
5.439999878	0.096
5.469999878	0.095
5.499999877	0.094
5.519999877	0.093
5.589999875	0.092
5.599999875	0.091
5.639999874	0.09
5.679999873	0.089
5.699999873	0.088
5.739999872	0.087
5.759999871	0.086
5.779999871	0.085
5.779999871	0.084
5.779999871	0.083
5.839999869	0.082
5.939999867	0.081
5.979999866	0.08
6.029999865	0.079
6.059999864	0.078
6.069999864	0.077
6.079999864	0.076
6.209999861	0.075
6.24999986	0.074
6.25999986	0.073
6.27999986	0.072
6.329999858	0.071
6.359999858	0.07
6.389999857	0.069
6.409999857	0.068
6.409999857	0.067
6.409999857	0.066
6.419999856	0.065
6.429999856	0.064
6.439999856	0.063
6.559999853	0.062
6.599999852	0.061
6.619999852	0.06
6.669999851	0.059
6.70999985	0.058
7.039999843	0.057
7.079999842	0.056
7.13999984	0.055
7.15999984	0.054
7.209999839	0.053
7.249999838	0.052
7.369999835	0.051
7.679999828	0.05
7.679999828	0.049
7.719999827	0.048
7.789999826	0.047
7.929999823	0.046
7.979999822	0.045
7.989999821	0.044
8.019999821	0.043
8.03999982	0.042
8.05999982	0.041
8.179999817	0.04
8.199999817	0.039
8.449999811	0.038
8.48999981	0.037
8.50999981	0.036
8.51999981	0.035
8.699999805	0.034
8.749999804	0.033
8.799999803	0.032
8.879999802	0.031
9.079999797	0.03
9.139999796	0.029
9.439999789	0.028
9.479999788	0.027
9.549999787	0.026
9.559999786	0.025
9.639999785	0.024
9.789999781	0.023
9.889999779	0.022
10.00999978	0.021
10.05999978	0.02
10.14999977	0.019
10.20999977	0.018
10.32999977	0.017
10.59999976	0.016
10.78999976	0.015
10.93999976	0.014
11.20999975	0.013
13.3199997	0.012
13.3399997	0.011
13.76999969	0.01
13.80999969	0.009
14.25999968	0.008
17.58999961	0.007
18.31999959	0.006
18.41999959	0.005
19.67999956	0.004
20.23999955	0.003
25.65999943	0.002
27.86999938	0.001
39.11999913	0
