0	1
0.399999991	0.999
0.44999999	0.998
0.45999999	0.997
0.45999999	0.996
0.469999989	0.995
0.469999989	0.994
0.469999989	0.993
0.479999989	0.992
0.479999989	0.991
0.479999989	0.99
0.479999989	0.989
0.489999989	0.988
0.489999989	0.987
0.489999989	0.986
0.489999989	0.985
0.489999989	0.984
0.489999989	0.983
0.489999989	0.982
0.489999989	0.981
0.489999989	0.98
0.499999989	0.979
0.499999989	0.978
0.499999989	0.977
0.499999989	0.976
0.499999989	0.975
0.499999989	0.974
0.499999989	0.973
0.499999989	0.972
0.499999989	0.971
0.499999989	0.97
0.509999989	0.969
0.509999989	0.968
0.509999989	0.967
0.519999988	0.966
0.519999988	0.965
0.519999988	0.964
0.519999988	0.963
0.519999988	0.962
0.529999988	0.961
0.529999988	0.96
0.529999988	0.959
0.529999988	0.958
0.529999988	0.957
0.529999988	0.956
0.529999988	0.955
0.529999988	0.954
0.529999988	0.953
0.529999988	0.952
0.529999988	0.951
0.529999988	0.95
0.529999988	0.949
0.529999988	0.948
0.529999988	0.947
0.529999988	0.946
0.529999988	0.945
0.529999988	0.944
0.539999988	0.943
0.539999988	0.942
0.539999988	0.941
0.539999988	0.94
0.539999988	0.939
0.539999988	0.938
0.539999988	0.937
0.539999988	0.936
0.539999988	0.935
0.539999988	0.934
0.539999988	0.933
0.539999988	0.932
0.539999988	0.931
0.549999988	0.93
0.549999988	0.929
0.549999988	0.928
0.549999988	0.927
0.549999988	0.926
0.549999988	0.925
0.549999988	0.924
0.549999988	0.923
0.549999988	0.922
0.549999988	0.921
0.549999988	0.92
0.549999988	0.919
0.549999988	0.918
0.549999988	0.917
0.549999988	0.916
0.549999988	0.915
0.549999988	0.914
0.549999988	0.913
0.549999988	0.912
0.549999988	0.911
0.549999988	0.91
0.549999988	0.909
0.549999988	0.908
0.549999988	0.907
0.559999988	0.906
0.559999988	0.905
0.559999988	0.904
0.559999988	0.903
0.559999988	0.902
0.559999988	0.901
0.559999988	0.9
0.559999988	0.899
0.559999988	0.898
0.559999988	0.897
0.559999988	0.896
0.559999988	0.895
0.559999988	0.894
0.559999988	0.893
0.559999988	0.892
0.559999988	0.891
0.559999988	0.89
0.559999988	0.889
0.559999988	0.888
0.559999988	0.887
0.559999988	0.886
0.559999988	0.885
0.559999988	0.884
0.559999988	0.883
0.559999988	0.882
0.559999988	0.881
0.559999988	0.88
0.559999988	0.879
0.559999988	0.878
0.559999988	0.877
0.569999987	0.876
0.569999987	0.875
0.569999987	0.874
0.569999987	0.873
0.569999987	0.872
0.569999987	0.871
0.569999987	0.87
0.569999987	0.869
0.569999987	0.868
0.569999987	0.867
0.569999987	0.866
0.569999987	0.865
0.569999987	0.864
0.569999987	0.863
0.569999987	0.862
0.569999987	0.861
0.569999987	0.86
0.579999987	0.859
0.579999987	0.858
0.579999987	0.857
0.579999987	0.856
0.579999987	0.855
0.579999987	0.854
0.579999987	0.853
0.579999987	0.852
0.579999987	0.851
0.579999987	0.85
0.579999987	0.849
0.579999987	0.848
0.579999987	0.847
0.579999987	0.846
0.579999987	0.845
0.579999987	0.844
0.579999987	0.843
0.579999987	0.842
0.579999987	0.841
0.579999987	0.84
0.579999987	0.839
0.579999987	0.838
0.579999987	0.837
0.579999987	0.836
0.579999987	0.835
0.579999987	0.834
0.579999987	0.833
0.579999987	0.832
0.579999987	0.831
0.579999987	0.83
0.579999987	0.829
0.579999987	0.828
0.579999987	0.827
0.589999987	0.826
0.589999987	0.825
0.589999987	0.824
0.589999987	0.823
0.589999987	0.822
0.589999987	0.821
0.589999987	0.82
0.589999987	0.819
0.589999987	0.818
0.589999987	0.817
0.589999987	0.816
0.589999987	0.815
0.589999987	0.814
0.589999987	0.813
0.589999987	0.812
0.589999987	0.811
0.589999987	0.81
0.589999987	0.809
0.589999987	0.808
0.589999987	0.807
0.589999987	0.806
0.589999987	0.805
0.589999987	0.804
0.589999987	0.803
0.589999987	0.802
0.589999987	0.801
0.589999987	0.8
0.589999987	0.799
0.589999987	0.798
0.589999987	0.797
0.589999987	0.796
0.599999987	0.795
0.599999987	0.794
0.599999987	0.793
0.599999987	0.792
0.599999987	0.791
0.599999987	0.79
0.599999987	0.789
0.599999987	0.788
0.599999987	0.787
0.599999987	0.786
0.599999987	0.785
0.599999987	0.784
0.599999987	0.783
0.599999987	0.782
0.599999987	0.781
0.599999987	0.78
0.599999987	0.779
0.599999987	0.778
0.599999987	0.777
0.599999987	0.776
0.599999987	0.775
0.599999987	0.774
0.599999987	0.773
0.599999987	0.772
0.599999987	0.771
0.599999987	0.77
0.599999987	0.769
0.599999987	0.768
0.599999987	0.767
0.599999987	0.766
0.599999987	0.765
0.599999987	0.764
0.599999987	0.763
0.609999986	0.762
0.609999986	0.761
0.609999986	0.76
0.609999986	0.759
0.609999986	0.758
0.609999986	0.757
0.609999986	0.756
0.609999986	0.755
0.609999986	0.754
0.609999986	0.753
0.609999986	0.752
0.609999986	0.751
0.609999986	0.75
0.609999986	0.749
0.609999986	0.748
0.609999986	0.747
0.609999986	0.746
0.609999986	0.745
0.609999986	0.744
0.609999986	0.743
0.609999986	0.742
0.609999986	0.741
0.609999986	0.74
0.609999986	0.739
0.609999986	0.738
0.609999986	0.737
0.609999986	0.736
0.609999986	0.735
0.609999986	0.734
0.619999986	0.733
0.619999986	0.732
0.619999986	0.731
0.619999986	0.73
0.619999986	0.729
0.619999986	0.728
0.619999986	0.727
0.619999986	0.726
0.619999986	0.725
0.619999986	0.724
0.619999986	0.723
0.619999986	0.722
0.619999986	0.721
0.619999986	0.72
0.619999986	0.719
0.619999986	0.718
0.619999986	0.717
0.619999986	0.716
0.619999986	0.715
0.619999986	0.714
0.619999986	0.713
0.619999986	0.712
0.619999986	0.711
0.619999986	0.71
0.619999986	0.709
0.619999986	0.708
0.619999986	0.707
0.619999986	0.706
0.619999986	0.705
0.619999986	0.704
0.619999986	0.703
0.629999986	0.702
0.629999986	0.701
0.629999986	0.7
0.629999986	0.699
0.629999986	0.698
0.629999986	0.697
0.629999986	0.696
0.629999986	0.695
0.629999986	0.694
0.629999986	0.693
0.629999986	0.692
0.629999986	0.691
0.629999986	0.69
0.629999986	0.689
0.629999986	0.688
0.629999986	0.687
0.629999986	0.686
0.629999986	0.685
0.629999986	0.684
0.629999986	0.683
0.629999986	0.682
0.629999986	0.681
0.629999986	0.68
0.629999986	0.679
0.629999986	0.678
0.629999986	0.677
0.629999986	0.676
0.629999986	0.675
0.629999986	0.674
0.629999986	0.673
0.629999986	0.672
0.629999986	0.671
0.629999986	0.67
0.639999986	0.669
0.639999986	0.668
0.639999986	0.667
0.639999986	0.666
0.639999986	0.665
0.639999986	0.664
0.639999986	0.663
0.639999986	0.662
0.639999986	0.661
0.639999986	0.66
0.639999986	0.659
0.639999986	0.658
0.639999986	0.657
0.639999986	0.656
0.639999986	0.655
0.639999986	0.654
0.639999986	0.653
0.639999986	0.652
0.639999986	0.651
0.639999986	0.65
0.639999986	0.649
0.639999986	0.648
0.639999986	0.647
0.639999986	0.646
0.639999986	0.645
0.639999986	0.644
0.639999986	0.643
0.639999986	0.642
0.639999986	0.641
0.639999986	0.64
0.639999986	0.639
0.639999986	0.638
0.639999986	0.637
0.639999986	0.636
0.639999986	0.635
0.639999986	0.634
0.649999986	0.633
0.649999986	0.632
0.649999986	0.631
0.649999986	0.63
0.649999986	0.629
0.649999986	0.628
0.649999986	0.627
0.649999986	0.626
0.649999986	0.625
0.649999986	0.624
0.649999986	0.623
0.649999986	0.622
0.649999986	0.621
0.649999986	0.62
0.649999986	0.619
0.649999986	0.618
0.649999986	0.617
0.649999986	0.616
0.649999986	0.615
0.649999986	0.614
0.649999986	0.613
0.649999986	0.612
0.649999986	0.611
0.649999986	0.61
0.649999986	0.609
0.649999986	0.608
0.649999986	0.607
0.649999986	0.606
0.649999986	0.605
0.649999986	0.604
0.649999986	0.603
0.659999985	0.602
0.659999985	0.601
0.659999985	0.6
0.659999985	0.599
0.659999985	0.598
0.659999985	0.597
0.659999985	0.596
0.659999985	0.595
0.659999985	0.594
0.659999985	0.593
0.659999985	0.592
0.659999985	0.591
0.659999985	0.59
0.659999985	0.589
0.659999985	0.588
0.659999985	0.587
0.659999985	0.586
0.659999985	0.585
0.659999985	0.584
0.659999985	0.583
0.659999985	0.582
0.659999985	0.581
0.659999985	0.58
0.659999985	0.579
0.659999985	0.578
0.659999985	0.577
0.659999985	0.576
0.659999985	0.575
0.659999985	0.574
0.659999985	0.573
0.659999985	0.572
0.659999985	0.571
0.669999985	0.57
0.669999985	0.569
0.669999985	0.568
0.669999985	0.567
0.669999985	0.566
0.669999985	0.565
0.669999985	0.564
0.669999985	0.563
0.669999985	0.562
0.669999985	0.561
0.669999985	0.56
0.669999985	0.559
0.669999985	0.558
0.669999985	0.557
0.669999985	0.556
0.669999985	0.555
0.669999985	0.554
0.669999985	0.553
0.669999985	0.552
0.669999985	0.551
0.669999985	0.55
0.669999985	0.549
0.679999985	0.548
0.679999985	0.547
0.679999985	0.546
0.679999985	0.545
0.679999985	0.544
0.679999985	0.543
0.679999985	0.542
0.679999985	0.541
0.679999985	0.54
0.679999985	0.539
0.679999985	0.538
0.679999985	0.537
0.679999985	0.536
0.679999985	0.535
0.679999985	0.534
0.679999985	0.533
0.679999985	0.532
0.679999985	0.531
0.679999985	0.53
0.679999985	0.529
0.679999985	0.528
0.679999985	0.527
0.679999985	0.526
0.689999985	0.525
0.689999985	0.524
0.689999985	0.523
0.689999985	0.522
0.689999985	0.521
0.689999985	0.52
0.689999985	0.519
0.689999985	0.518
0.689999985	0.517
0.689999985	0.516
0.689999985	0.515
0.689999985	0.514
0.689999985	0.513
0.689999985	0.512
0.689999985	0.511
0.689999985	0.51
0.689999985	0.509
0.689999985	0.508
0.689999985	0.507
0.689999985	0.506
0.689999985	0.505
0.689999985	0.504
0.689999985	0.503
0.689999985	0.502
0.689999985	0.501
0.689999985	0.5
0.689999985	0.499
0.689999985	0.498
0.699999984	0.497
0.699999984	0.496
0.699999984	0.495
0.699999984	0.494
0.699999984	0.493
0.699999984	0.492
0.699999984	0.491
0.699999984	0.49
0.699999984	0.489
0.699999984	0.488
0.699999984	0.487
0.699999984	0.486
0.699999984	0.485
0.699999984	0.484
0.699999984	0.483
0.699999984	0.482
0.699999984	0.481
0.699999984	0.48
0.699999984	0.479
0.699999984	0.478
0.699999984	0.477
0.699999984	0.476
0.699999984	0.475
0.699999984	0.474
0.699999984	0.473
0.699999984	0.472
0.709999984	0.471
0.709999984	0.47
0.709999984	0.469
0.709999984	0.468
0.709999984	0.467
0.709999984	0.466
0.709999984	0.465
0.709999984	0.464
0.709999984	0.463
0.709999984	0.462
0.709999984	0.461
0.709999984	0.46
0.709999984	0.459
0.709999984	0.458
0.709999984	0.457
0.709999984	0.456
0.709999984	0.455
0.709999984	0.454
0.709999984	0.453
0.709999984	0.452
0.719999984	0.451
0.719999984	0.45
0.719999984	0.449
0.719999984	0.448
0.719999984	0.447
0.719999984	0.446
0.719999984	0.445
0.719999984	0.444
0.719999984	0.443
0.719999984	0.442
0.729999984	0.441
0.729999984	0.44
0.729999984	0.439
0.729999984	0.438
0.729999984	0.437
0.729999984	0.436
0.729999984	0.435
0.729999984	0.434
0.729999984	0.433
0.729999984	0.432
0.729999984	0.431
0.729999984	0.43
0.729999984	0.429
0.729999984	0.428
0.729999984	0.427
0.739999983	0.426
0.739999983	0.425
0.739999983	0.424
0.739999983	0.423
0.739999983	0.422
0.739999983	0.421
0.739999983	0.42
0.739999983	0.419
0.739999983	0.418
0.739999983	0.417
0.739999983	0.416
0.739999983	0.415
0.739999983	0.414
0.739999983	0.413
0.739999983	0.412
0.739999983	0.411
0.739999983	0.41
0.739999983	0.409
0.739999983	0.408
0.739999983	0.407
0.739999983	0.406
0.739999983	0.405
0.739999983	0.404
0.739999983	0.403
0.749999983	0.402
0.749999983	0.401
0.749999983	0.4
0.749999983	0.399
0.749999983	0.398
0.749999983	0.397
0.749999983	0.396
0.749999983	0.395
0.749999983	0.394
0.749999983	0.393
0.749999983	0.392
0.749999983	0.391
0.749999983	0.39
0.749999983	0.389
0.749999983	0.388
0.749999983	0.387
0.749999983	0.386
0.749999983	0.385
0.749999983	0.384
0.759999983	0.383
0.759999983	0.382
0.759999983	0.381
0.759999983	0.38
0.759999983	0.379
0.759999983	0.378
0.759999983	0.377
0.759999983	0.376
0.759999983	0.375
0.759999983	0.374
0.759999983	0.373
0.759999983	0.372
0.759999983	0.371
0.759999983	0.37
0.759999983	0.369
0.769999983	0.368
0.769999983	0.367
0.769999983	0.366
0.769999983	0.365
0.769999983	0.364
0.769999983	0.363
0.769999983	0.362
0.769999983	0.361
0.769999983	0.36
0.769999983	0.359
0.769999983	0.358
0.769999983	0.357
0.779999983	0.356
0.779999983	0.355
0.779999983	0.354
0.779999983	0.353
0.779999983	0.352
0.779999983	0.351
0.779999983	0.35
0.779999983	0.349
0.779999983	0.348
0.779999983	0.347
0.779999983	0.346
0.779999983	0.345
0.779999983	0.344
0.779999983	0.343
0.779999983	0.342
0.779999983	0.341
0.779999983	0.34
0.789999982	0.339
0.789999982	0.338
0.789999982	0.337
0.789999982	0.336
0.789999982	0.335
0.789999982	0.334
0.789999982	0.333
0.789999982	0.332
0.789999982	0.331
0.789999982	0.33
0.789999982	0.329
0.789999982	0.328
0.789999982	0.327
0.789999982	0.326
0.789999982	0.325
0.789999982	0.324
0.789999982	0.323
0.799999982	0.322
0.799999982	0.321
0.799999982	0.32
0.799999982	0.319
0.799999982	0.318
0.799999982	0.317
0.799999982	0.316
0.799999982	0.315
0.799999982	0.314
0.799999982	0.313
0.799999982	0.312
0.799999982	0.311
0.799999982	0.31
0.799999982	0.309
0.799999982	0.308
0.799999982	0.307
0.799999982	0.306
0.809999982	0.305
0.809999982	0.304
0.809999982	0.303
0.809999982	0.302
0.809999982	0.301
0.809999982	0.3
0.809999982	0.299
0.809999982	0.298
0.809999982	0.297
0.809999982	0.296
0.809999982	0.295
0.809999982	0.294
0.809999982	0.293
0.809999982	0.292
0.809999982	0.291
0.809999982	0.29
0.809999982	0.289
0.809999982	0.288
0.809999982	0.287
0.819999982	0.286
0.819999982	0.285
0.819999982	0.284
0.819999982	0.283
0.819999982	0.282
0.819999982	0.281
0.819999982	0.28
0.819999982	0.279
0.819999982	0.278
0.829999981	0.277
0.829999981	0.276
0.829999981	0.275
0.829999981	0.274
0.829999981	0.273
0.829999981	0.272
0.829999981	0.271
0.829999981	0.27
0.829999981	0.269
0.829999981	0.268
0.829999981	0.267
0.829999981	0.266
0.829999981	0.265
0.839999981	0.264
0.839999981	0.263
0.839999981	0.262
0.839999981	0.261
0.839999981	0.26
0.839999981	0.259
0.839999981	0.258
0.839999981	0.257
0.839999981	0.256
0.839999981	0.255
0.839999981	0.254
0.839999981	0.253
0.839999981	0.252
0.849999981	0.251
0.849999981	0.25
0.849999981	0.249
0.849999981	0.248
0.849999981	0.247
0.849999981	0.246
0.849999981	0.245
0.849999981	0.244
0.849999981	0.243
0.859999981	0.242
0.859999981	0.241
0.859999981	0.24
0.859999981	0.239
0.859999981	0.238
0.869999981	0.237
0.869999981	0.236
0.869999981	0.235
0.869999981	0.234
0.869999981	0.233
0.87999998	0.232
0.87999998	0.231
0.87999998	0.23
0.87999998	0.229
0.87999998	0.228
0.87999998	0.227
0.88999998	0.226
0.88999998	0.225
0.88999998	0.224
0.88999998	0.223
0.88999998	0.222
0.89999998	0.221
0.89999998	0.22
0.89999998	0.219
0.89999998	0.218
0.89999998	0.217
0.89999998	0.216
0.89999998	0.215
0.89999998	0.214
0.90999998	0.213
0.90999998	0.212
0.90999998	0.211
0.919999979	0.21
0.919999979	0.209
0.919999979	0.208
0.919999979	0.207
0.919999979	0.206
0.919999979	0.205
0.919999979	0.204
0.929999979	0.203
0.929999979	0.202
0.929999979	0.201
0.929999979	0.2
0.929999979	0.199
0.929999979	0.198
0.929999979	0.197
0.939999979	0.196
0.939999979	0.195
0.939999979	0.194
0.949999979	0.193
0.949999979	0.192
0.949999979	0.191
0.949999979	0.19
0.949999979	0.189
0.949999979	0.188
0.949999979	0.187
0.949999979	0.186
0.959999978	0.185
0.969999978	0.184
0.969999978	0.183
0.969999978	0.182
0.969999978	0.181
0.969999978	0.18
0.979999978	0.179
0.979999978	0.178
0.979999978	0.177
0.979999978	0.176
0.979999978	0.175
0.979999978	0.174
0.979999978	0.173
0.979999978	0.172
0.989999978	0.171
0.989999978	0.17
0.989999978	0.169
0.989999978	0.168
0.999999978	0.167
0.999999978	0.166
0.999999978	0.165
1.009999977	0.164
1.009999977	0.163
1.009999977	0.162
1.009999977	0.161
1.019999977	0.16
1.019999977	0.159
1.019999977	0.158
1.029999977	0.157
1.029999977	0.156
1.049999977	0.155
1.049999977	0.154
1.049999977	0.153
1.049999977	0.152
1.049999977	0.151
1.049999977	0.15
1.049999977	0.149
1.049999977	0.148
1.059999976	0.147
1.059999976	0.146
1.059999976	0.145
1.069999976	0.144
1.069999976	0.143
1.069999976	0.142
1.069999976	0.141
1.069999976	0.14
1.079999976	0.139
1.079999976	0.138
1.079999976	0.137
1.079999976	0.136
1.079999976	0.135
1.079999976	0.134
1.079999976	0.133
1.079999976	0.132
1.089999976	0.131
1.099999975	0.13
1.099999975	0.129
1.099999975	0.128
1.109999975	0.127
1.119999975	0.126
1.119999975	0.125
1.119999975	0.124
1.129999975	0.123
1.129999975	0.122
1.129999975	0.121
1.129999975	0.12
1.129999975	0.119
1.129999975	0.118
1.129999975	0.117
1.129999975	0.116
1.129999975	0.115
1.139999975	0.114
1.139999975	0.113
1.139999975	0.112
1.149999974	0.111
1.149999974	0.11
1.159999974	0.109
1.159999974	0.108
1.159999974	0.107
1.159999974	0.106
1.159999974	0.105
1.159999974	0.104
1.169999974	0.103
1.169999974	0.102
1.169999974	0.101
1.179999974	0.1
1.179999974	0.099
1.189999973	0.098
1.189999973	0.097
1.199999973	0.096
1.199999973	0.095
1.199999973	0.094
1.199999973	0.093
1.209999973	0.092
1.219999973	0.091
1.219999973	0.09
1.219999973	0.089
1.219999973	0.088
1.229999972	0.087
1.229999972	0.086
1.239999972	0.085
1.249999972	0.084
1.249999972	0.083
1.249999972	0.082
1.259999972	0.081
1.259999972	0.08
1.259999972	0.079
1.269999972	0.078
1.269999972	0.077
1.269999972	0.076
1.279999971	0.075
1.279999971	0.074
1.289999971	0.073
1.289999971	0.072
1.309999971	0.071
1.309999971	0.07
1.309999971	0.069
1.319999971	0.068
1.319999971	0.067
1.319999971	0.066
1.32999997	0.065
1.32999997	0.064
1.32999997	0.063
1.33999997	0.062
1.35999997	0.061
1.35999997	0.06
1.389999969	0.059
1.389999969	0.058
1.389999969	0.057
1.399999969	0.056
1.409999969	0.055
1.409999969	0.054
1.409999969	0.053
1.419999968	0.052
1.419999968	0.051
1.429999968	0.05
1.429999968	0.049
1.439999968	0.048
1.439999968	0.047
1.459999967	0.046
1.469999967	0.045
1.479999967	0.044
1.489999967	0.043
1.489999967	0.042
1.499999966	0.041
1.509999966	0.04
1.569999965	0.039
1.589999965	0.038
1.589999965	0.037
1.609999964	0.036
1.609999964	0.035
1.619999964	0.034
1.689999962	0.033
1.729999961	0.032
1.76999996	0.031
1.79999996	0.03
1.829999959	0.029
1.899999957	0.028
1.929999957	0.027
1.939999957	0.026
1.939999957	0.025
2.009999955	0.024
2.039999954	0.023
2.049999954	0.022
2.069999954	0.021
2.159999952	0.02
2.169999951	0.019
2.24999995	0.018
2.289999949	0.017
2.319999948	0.016
2.339999948	0.015
2.469999945	0.014
2.529999944	0.013
2.749999938	0.012
2.929999935	0.011
3.269999927	0.01
3.389999924	0.009
3.449999923	0.008
3.819999915	0.007
3.869999914	0.006
4.579999898	0.005
4.629999897	0.004
4.649999896	0.003
6.649999851	0.002
9.209999794	0.001
25.72999942	0
