0		1
0.87999998	0.999
0.87999998	0.998
0.89999998	0.997
0.919999979	0.996
0.939999979	0.995
0.949999979	0.994
0.969999978	0.993
0.979999978	0.992
0.989999978	0.991
0.999999978	0.99
1.009999977	0.989
1.009999977	0.988
1.009999977	0.987
1.009999977	0.986
1.019999977	0.985
1.029999977	0.984
1.049999977	0.983
1.049999977	0.982
1.079999976	0.981
1.099999975	0.98
1.099999975	0.979
1.119999975	0.978
1.119999975	0.977
1.129999975	0.976
1.129999975	0.975
1.139999975	0.974
1.149999974	0.973
1.179999974	0.972
1.179999974	0.971
1.179999974	0.97
1.189999973	0.969
1.189999973	0.968
1.199999973	0.967
1.199999973	0.966
1.219999973	0.965
1.219999973	0.964
1.219999973	0.963
1.219999973	0.962
1.229999972	0.961
1.229999972	0.96
1.239999972	0.959
1.239999972	0.958
1.239999972	0.957
1.249999972	0.956
1.259999972	0.955
1.259999972	0.954
1.269999972	0.953
1.269999972	0.952
1.269999972	0.951
1.269999972	0.95
1.269999972	0.949
1.279999971	0.948
1.279999971	0.947
1.299999971	0.946
1.299999971	0.945
1.299999971	0.944
1.299999971	0.943
1.309999971	0.942
1.319999971	0.941
1.319999971	0.94
1.32999997	0.939
1.32999997	0.938
1.33999997	0.937
1.33999997	0.936
1.33999997	0.935
1.33999997	0.934
1.34999997	0.933
1.34999997	0.932
1.34999997	0.931
1.35999997	0.93
1.35999997	0.929
1.369999969	0.928
1.379999969	0.927
1.379999969	0.926
1.389999969	0.925
1.389999969	0.924
1.389999969	0.923
1.389999969	0.922
1.389999969	0.921
1.399999969	0.92
1.399999969	0.919
1.409999969	0.918
1.409999969	0.917
1.409999969	0.916
1.409999969	0.915
1.419999968	0.914
1.419999968	0.913
1.419999968	0.912
1.429999968	0.911
1.429999968	0.91
1.439999968	0.909
1.439999968	0.908
1.439999968	0.907
1.459999967	0.906
1.459999967	0.905
1.469999967	0.904
1.469999967	0.903
1.479999967	0.902
1.479999967	0.901
1.479999967	0.9
1.489999967	0.899
1.499999966	0.898
1.499999966	0.897
1.509999966	0.896
1.509999966	0.895
1.519999966	0.894
1.519999966	0.893
1.529999966	0.892
1.529999966	0.891
1.539999966	0.89
1.539999966	0.889
1.549999965	0.888
1.559999965	0.887
1.559999965	0.886
1.569999965	0.885
1.569999965	0.884
1.569999965	0.883
1.579999965	0.882
1.579999965	0.881
1.589999965	0.88
1.599999964	0.879
1.599999964	0.878
1.599999964	0.877
1.599999964	0.876
1.609999964	0.875
1.619999964	0.874
1.619999964	0.873
1.629999964	0.872
1.639999963	0.871
1.649999963	0.87
1.649999963	0.869
1.649999963	0.868
1.659999963	0.867
1.669999963	0.866
1.669999963	0.865
1.679999962	0.864
1.689999962	0.863
1.689999962	0.862
1.699999962	0.861
1.709999962	0.86
1.719999962	0.859
1.719999962	0.858
1.739999961	0.857
1.749999961	0.856
1.76999996	0.855
1.77999996	0.854
1.77999996	0.853
1.77999996	0.852
1.77999996	0.851
1.78999996	0.85
1.79999996	0.849
1.79999996	0.848
1.79999996	0.847
1.79999996	0.846
1.819999959	0.845
1.819999959	0.844
1.839999959	0.843
1.839999959	0.842
1.839999959	0.841
1.839999959	0.84
1.839999959	0.839
1.859999958	0.838
1.859999958	0.837
1.869999958	0.836
1.879999958	0.835
1.879999958	0.834
1.889999958	0.833
1.889999958	0.832
1.889999958	0.831
1.899999957	0.83
1.929999957	0.829
1.929999957	0.828
1.939999957	0.827
1.939999957	0.826
1.949999956	0.825
1.949999956	0.824
1.949999956	0.823
1.979999956	0.822
1.979999956	0.821
1.979999956	0.82
1.999999955	0.819
1.999999955	0.818
1.999999955	0.817
1.999999955	0.816
2.019999955	0.815
2.019999955	0.814
2.019999955	0.813
2.019999955	0.812
2.019999955	0.811
2.019999955	0.81
2.049999954	0.809
2.059999954	0.808
2.059999954	0.807
2.069999954	0.806
2.079999954	0.805
2.099999953	0.804
2.109999953	0.803
2.109999953	0.802
2.109999953	0.801
2.109999953	0.8
2.129999952	0.799
2.129999952	0.798
2.129999952	0.797
2.139999952	0.796
2.139999952	0.795
2.139999952	0.794
2.149999952	0.793
2.159999952	0.792
2.159999952	0.791
2.159999952	0.79
2.159999952	0.789
2.159999952	0.788
2.159999952	0.787
2.169999951	0.786
2.169999951	0.785
2.169999951	0.784
2.179999951	0.783
2.179999951	0.782
2.179999951	0.781
2.199999951	0.78
2.209999951	0.779
2.209999951	0.778
2.21999995	0.777
2.22999995	0.776
2.22999995	0.775
2.25999995	0.774
2.25999995	0.773
2.25999995	0.772
2.25999995	0.771
2.25999995	0.77
2.269999949	0.769
2.279999949	0.768
2.309999948	0.767
2.309999948	0.766
2.319999948	0.765
2.329999948	0.764
2.329999948	0.763
2.329999948	0.762
2.329999948	0.761
2.339999948	0.76
2.339999948	0.759
2.349999948	0.758
2.349999948	0.757
2.359999947	0.756
2.379999947	0.755
2.379999947	0.754
2.389999947	0.753
2.399999946	0.752
2.399999946	0.751
2.419999946	0.75
2.419999946	0.749
2.429999946	0.748
2.429999946	0.747
2.439999945	0.746
2.459999945	0.745
2.459999945	0.744
2.459999945	0.743
2.469999945	0.742
2.469999945	0.741
2.479999945	0.74
2.489999944	0.739
2.489999944	0.738
2.499999944	0.737
2.509999944	0.736
2.509999944	0.735
2.519999944	0.734
2.519999944	0.733
2.519999944	0.732
2.529999944	0.731
2.539999943	0.73
2.549999943	0.729
2.559999943	0.728
2.589999942	0.727
2.589999942	0.726
2.609999942	0.725
2.619999941	0.724
2.619999941	0.723
2.619999941	0.722
2.629999941	0.721
2.639999941	0.72
2.639999941	0.719
2.649999941	0.718
2.66999994	0.717
2.67999994	0.716
2.67999994	0.715
2.67999994	0.714
2.68999994	0.713
2.69999994	0.712
2.709999939	0.711
2.719999939	0.71
2.719999939	0.709
2.739999939	0.708
2.759999938	0.707
2.759999938	0.706
2.769999938	0.705
2.789999938	0.704
2.799999937	0.703
2.809999937	0.702
2.819999937	0.701
2.839999936	0.7
2.839999936	0.699
2.859999936	0.698
2.859999936	0.697
2.879999936	0.696
2.879999936	0.695
2.889999935	0.694
2.889999935	0.693
2.909999935	0.692
2.919999935	0.691
2.929999935	0.69
2.959999934	0.689
2.959999934	0.688
2.959999934	0.687
2.959999934	0.686
2.969999934	0.685
2.979999933	0.684
2.979999933	0.683
3.009999933	0.682
3.009999933	0.681
3.019999933	0.68
3.039999932	0.679
3.049999932	0.678
3.069999931	0.677
3.099999931	0.676
3.099999931	0.675
3.11999993	0.674
3.12999993	0.673
3.159999929	0.672
3.209999928	0.671
3.209999928	0.67
3.239999928	0.669
3.249999927	0.668
3.259999927	0.667
3.269999927	0.666
3.289999927	0.665
3.299999926	0.664
3.299999926	0.663
3.309999926	0.662
3.309999926	0.661
3.329999926	0.66
3.349999925	0.659
3.359999925	0.658
3.369999925	0.657
3.369999925	0.656
3.379999924	0.655
3.389999924	0.654
3.409999924	0.653
3.419999924	0.652
3.449999923	0.651
3.459999923	0.65
3.459999923	0.649
3.469999922	0.648
3.469999922	0.647
3.469999922	0.646
3.489999922	0.645
3.509999922	0.644
3.519999921	0.643
3.549999921	0.642
3.549999921	0.641
3.55999992	0.64
3.55999992	0.639
3.55999992	0.638
3.56999992	0.637
3.57999992	0.636
3.57999992	0.635
3.619999919	0.634
3.619999919	0.633
3.629999919	0.632
3.639999919	0.631
3.639999919	0.63
3.649999918	0.629
3.659999918	0.628
3.689999917	0.627
3.689999917	0.626
3.739999916	0.625
3.739999916	0.624
3.749999916	0.623
3.749999916	0.622
3.779999915	0.621
3.799999915	0.62
3.809999915	0.619
3.819999915	0.618
3.849999914	0.617
3.849999914	0.616
3.849999914	0.615
3.869999914	0.614
3.879999913	0.613
3.879999913	0.612
3.929999912	0.611
3.959999912	0.61
3.969999911	0.609
3.999999911	0.608
4.00999991	0.607
4.02999991	0.606
4.02999991	0.605
4.02999991	0.604
4.079999909	0.603
4.089999909	0.602
4.089999909	0.601
4.099999908	0.6
4.099999908	0.599
4.099999908	0.598
4.109999908	0.597
4.149999907	0.596
4.149999907	0.595
4.149999907	0.594
4.159999907	0.593
4.189999906	0.592
4.199999906	0.591
4.229999905	0.59
4.239999905	0.589
4.309999904	0.588
4.319999903	0.587
4.339999903	0.586
4.349999903	0.585
4.369999902	0.584
4.379999902	0.583
4.429999901	0.582
4.429999901	0.581
4.4499999	0.58
4.4599999	0.579
4.4599999	0.578
4.4899999	0.577
4.499999899	0.576
4.529999899	0.575
4.539999898	0.574
4.619999897	0.573
4.629999897	0.572
4.669999896	0.571
4.689999895	0.57
4.689999895	0.569
4.689999895	0.568
4.709999895	0.567
4.839999892	0.566
4.839999892	0.565
4.879999891	0.564
4.889999891	0.563
4.889999891	0.562
5.039999887	0.561
5.049999887	0.56
5.059999887	0.559
5.079999886	0.558
5.109999886	0.557
5.119999886	0.556
5.169999884	0.555
5.189999884	0.554
5.209999884	0.553
5.229999883	0.552
5.229999883	0.551
5.239999883	0.55
5.269999882	0.549
5.269999882	0.548
5.279999882	0.547
5.309999881	0.546
5.339999881	0.545
5.419999879	0.544
5.449999878	0.543
5.499999877	0.542
5.519999877	0.541
5.519999877	0.54
5.559999876	0.539
5.679999873	0.538
5.709999872	0.537
5.739999872	0.536
5.759999871	0.535
5.779999871	0.534
5.80999987	0.533
5.839999869	0.532
5.849999869	0.531
5.889999868	0.53
5.949999867	0.529
5.959999867	0.528
5.959999867	0.527
6.029999865	0.526
6.049999865	0.525
6.049999865	0.524
6.069999864	0.523
6.089999864	0.522
6.109999863	0.521
6.109999863	0.52
6.219999861	0.519
6.26999986	0.518
6.289999859	0.517
6.299999859	0.516
6.329999858	0.515
6.419999856	0.514
6.429999856	0.513
6.489999855	0.512
6.489999855	0.511
6.499999855	0.51
6.539999854	0.509
6.559999853	0.508
6.609999852	0.507
6.639999852	0.506
6.679999851	0.505
6.769999849	0.504
6.769999849	0.503
6.779999849	0.502
6.789999848	0.501
6.839999847	0.5
6.839999847	0.499
6.869999846	0.498
6.899999846	0.497
6.919999845	0.496
6.959999844	0.495
6.989999844	0.494
6.999999844	0.493
7.029999843	0.492
7.039999843	0.491
7.069999842	0.49
7.079999842	0.489
7.089999842	0.488
7.099999841	0.487
7.129999841	0.486
7.14999984	0.485
7.15999984	0.484
7.16999984	0.483
7.239999838	0.482
7.259999838	0.481
7.279999837	0.48
7.299999837	0.479
7.329999836	0.478
7.369999835	0.477
7.429999834	0.476
7.439999834	0.475
7.479999833	0.474
7.489999833	0.473
7.529999832	0.472
7.559999831	0.471
7.58999983	0.47
7.62999983	0.469
7.639999829	0.468
7.669999829	0.467
7.719999827	0.466
7.749999827	0.465
7.779999826	0.464
7.779999826	0.463
8.009999821	0.462
8.029999821	0.461
8.06999982	0.46
8.099999819	0.459
8.129999818	0.458
8.159999818	0.457
8.169999817	0.456
8.239999816	0.455
8.239999816	0.454
8.269999815	0.453
8.289999815	0.452
8.339999814	0.451
8.349999813	0.45
8.359999813	0.449
8.369999813	0.448
8.429999812	0.447
8.49999981	0.446
8.50999981	0.445
8.559999809	0.444
8.579999808	0.443
8.599999808	0.442
8.619999807	0.441
8.629999807	0.44
8.759999804	0.439
8.829999803	0.438
8.859999802	0.437
8.889999801	0.436
8.899999801	0.435
8.9699998	0.434
8.989999799	0.433
9.019999798	0.432
9.039999798	0.431
9.079999797	0.43
9.089999797	0.429
9.109999796	0.428
9.209999794	0.427
9.219999794	0.426
9.219999794	0.425
9.239999793	0.424
9.249999793	0.423
9.259999793	0.422
9.269999793	0.421
9.289999792	0.42
9.299999792	0.419
9.309999792	0.418
9.319999792	0.417
9.349999791	0.416
9.349999791	0.415
9.369999791	0.414
9.369999791	0.413
9.37999979	0.412
9.439999789	0.411
9.449999789	0.41
9.479999788	0.409
9.529999787	0.408
9.529999787	0.407
9.639999785	0.406
9.669999784	0.405
9.679999784	0.404
9.679999784	0.403
9.689999783	0.402
9.709999783	0.401
9.739999782	0.4
9.81999978	0.399
9.909999778	0.398
9.979999777	0.397
10.08999977	0.396
10.17999977	0.395
10.19999977	0.394
10.25999977	0.393
10.28999977	0.392
10.29999977	0.391
10.30999977	0.39
10.33999977	0.389
10.41999977	0.388
10.46999977	0.387
10.53999976	0.386
10.53999976	0.385
10.55999976	0.384
10.60999976	0.383
10.62999976	0.382
10.63999976	0.381
10.64999976	0.38
10.70999976	0.379
10.78999976	0.378
10.90999976	0.377
10.93999976	0.376
10.93999976	0.375
11.02999975	0.374
11.18999975	0.373
11.26999975	0.372
11.28999975	0.371
11.33999975	0.37
11.34999975	0.369
11.38999975	0.368
11.38999975	0.367
11.40999975	0.366
11.44999974	0.365
11.62999974	0.364
11.65999974	0.363
11.68999974	0.362
11.68999974	0.361
11.68999974	0.36
11.72999974	0.359
11.83999974	0.358
11.83999974	0.357
11.93999973	0.356
11.95999973	0.355
11.98999973	0.354
11.99999973	0.353
12.01999973	0.352
12.04999973	0.351
12.09999973	0.35
12.18999973	0.349
12.32999972	0.348
12.33999972	0.347
12.34999972	0.346
12.37999972	0.345
12.40999972	0.344
12.50999972	0.343
12.51999972	0.342
12.52999972	0.341
12.52999972	0.34
12.56999972	0.339
12.59999972	0.338
12.65999972	0.337
12.70999972	0.336
12.70999972	0.335
12.75999971	0.334
12.75999971	0.333
12.78999971	0.332
12.80999971	0.331
12.84999971	0.33
12.84999971	0.329
12.97999971	0.328
13.00999971	0.327
13.07999971	0.326
13.10999971	0.325
13.15999971	0.324
13.18999971	0.323
13.2199997	0.322
13.3099997	0.321
13.3099997	0.32
13.3199997	0.319
13.3999997	0.318
13.4499997	0.317
13.4499997	0.316
13.6299997	0.315
13.78999969	0.314
13.90999969	0.313
13.99999969	0.312
14.03999969	0.311
14.15999968	0.31
14.21999968	0.309
14.25999968	0.308
14.29999968	0.307
14.31999968	0.306
14.32999968	0.305
14.39999968	0.304
14.39999968	0.303
14.49999968	0.302
14.51999968	0.301
14.52999968	0.3
14.55999967	0.299
14.56999967	0.298
14.57999967	0.297
14.59999967	0.296
14.60999967	0.295
14.62999967	0.294
14.71999967	0.293
14.74999967	0.292
14.81999967	0.291
14.82999967	0.29
14.92999967	0.289
15.06999966	0.288
15.12999966	0.287
15.14999966	0.286
15.16999966	0.285
15.17999966	0.284
15.26999966	0.283
15.30999966	0.282
15.31999966	0.281
15.31999966	0.28
15.40999966	0.279
15.40999966	0.278
15.41999966	0.277
15.43999965	0.276
15.55999965	0.275
15.64999965	0.274
15.66999965	0.273
15.72999965	0.272
15.76999965	0.271
15.90999964	0.27
15.92999964	0.269
15.97999964	0.268
16.02999964	0.267
16.07999964	0.266
16.08999964	0.265
16.44999963	0.264
16.44999963	0.263
16.53999963	0.262
16.54999963	0.261
16.55999963	0.26
16.58999963	0.259
16.66999963	0.258
16.69999963	0.257
16.70999963	0.256
16.84999962	0.255
16.88999962	0.254
16.98999962	0.253
17.10999962	0.252
17.17999962	0.251
17.20999962	0.25
17.21999962	0.249
17.27999961	0.248
17.33999961	0.247
17.34999961	0.246
17.36999961	0.245
17.37999961	0.244
17.48999961	0.243
17.62999961	0.242
17.63999961	0.241
17.7599996	0.24
17.7699996	0.239
17.7899996	0.238
17.7899996	0.237
17.7899996	0.236
17.8299996	0.235
17.8799996	0.234
17.8999996	0.233
18.0799996	0.232
18.19999959	0.231
18.19999959	0.23
18.20999959	0.229
18.26999959	0.228
18.29999959	0.227
18.31999959	0.226
18.31999959	0.225
18.33999959	0.224
18.36999959	0.223
18.46999959	0.222
18.47999959	0.221
18.57999958	0.22
18.62999958	0.219
18.66999958	0.218
18.69999958	0.217
18.96999958	0.216
19.04999957	0.215
19.16999957	0.214
19.16999957	0.213
19.23999957	0.212
19.29999957	0.211
19.31999957	0.21
19.32999957	0.209
19.39999957	0.208
19.43999957	0.207
19.45999957	0.206
19.49999956	0.205
19.53999956	0.204
19.53999956	0.203
19.54999956	0.202
19.59999956	0.201
19.72999956	0.2
19.73999956	0.199
19.76999956	0.198
19.87999956	0.197
20.03999955	0.196
20.09999955	0.195
20.16999955	0.194
20.18999955	0.193
20.23999955	0.192
20.28999955	0.191
20.31999955	0.19
20.37999954	0.189
20.50999954	0.188
20.56999954	0.187
20.58999954	0.186
20.60999954	0.185
20.63999954	0.184
20.80999953	0.183
20.81999953	0.182
20.97999953	0.181
21.01999953	0.18
21.11999953	0.179
21.14999953	0.178
21.28999952	0.177
21.32999952	0.176
21.34999952	0.175
21.41999952	0.174
21.48999952	0.173
21.70999951	0.172
21.72999951	0.171
21.74999951	0.17
21.80999951	0.169
21.80999951	0.168
21.83999951	0.167
21.91999951	0.166
22.03999951	0.165
22.06999951	0.164
22.2799995	0.163
22.3699995	0.162
22.4299995	0.161
22.5099995	0.16
22.5199995	0.159
22.66999949	0.158
22.67999949	0.157
22.71999949	0.156
22.75999949	0.155
22.85999949	0.154
23.38999948	0.153
23.49999947	0.152
23.85999947	0.151
23.87999947	0.15
23.98999946	0.149
23.98999946	0.148
24.12999946	0.147
24.32999946	0.146
24.32999946	0.145
24.64999945	0.144
24.80999945	0.143
24.86999944	0.142
24.88999944	0.141
24.90999944	0.14
24.93999944	0.139
24.97999944	0.138
25.07999944	0.137
25.07999944	0.136
25.31999943	0.135
25.41999943	0.134
25.44999943	0.133
25.57999943	0.132
25.61999943	0.131
25.74999942	0.13
25.84999942	0.129
25.88999942	0.128
25.93999942	0.127
25.99999942	0.126
26.15999942	0.125
26.15999942	0.124
26.18999941	0.123
26.28999941	0.122
26.32999941	0.121
26.39999941	0.12
26.43999941	0.119
26.61999941	0.118
26.61999941	0.117
26.7799994	0.116
26.9299994	0.115
26.9499994	0.114
27.21999939	0.113
27.25999939	0.112
27.44999939	0.111
27.72999938	0.11
27.72999938	0.109
27.73999938	0.108
27.83999938	0.107
27.95999937	0.106
28.22999937	0.105
28.33999937	0.104
28.47999936	0.103
28.54999936	0.102
28.55999936	0.101
29.00999935	0.1
29.13999935	0.099
29.17999935	0.098
29.29999935	0.097
29.71999934	0.096
29.94999933	0.095
30.20999932	0.094
30.26999932	0.093
30.29999932	0.092
30.57999932	0.091
30.62999932	0.09
30.73999931	0.089
30.79999931	0.088
30.93999931	0.087
30.94999931	0.086
30.96999931	0.085
31.1299993	0.084
31.2299993	0.083
31.2899993	0.082
31.5099993	0.081
31.63999929	0.08
31.73999929	0.079
31.84999929	0.078
31.88999929	0.077
31.93999929	0.076
32.08999928	0.075
32.16999928	0.074
32.37999928	0.073
32.74999927	0.072
32.79999927	0.071
32.93999926	0.07
32.98999926	0.069
33.05999926	0.068
33.33999925	0.067
33.45999925	0.066
34.21999924	0.065
34.37999923	0.064
34.45999923	0.063
34.49999923	0.062
34.49999923	0.061
34.65999923	0.06
34.83999922	0.059
35.40999921	0.058
35.41999921	0.057
35.7299992	0.056
35.8599992	0.055
36.0099992	0.054
36.04999919	0.053
36.43999919	0.052
36.83999918	0.051
36.93999917	0.05
37.13999917	0.049
37.23999917	0.048
37.28999917	0.047
37.46999916	0.046
38.19999915	0.045
38.20999915	0.044
38.25999914	0.043
38.40999914	0.042
38.48999914	0.041
38.68999914	0.04
38.88999913	0.039
39.01999913	0.038
39.31999912	0.037
39.77999911	0.036
39.84999911	0.035
40.3699991	0.034
40.84999909	0.033
40.99999908	0.032
41.02999908	0.031
41.71999907	0.03
41.87999906	0.029
41.90999906	0.028
43.11999904	0.027
43.41999903	0.026
43.66999902	0.025
44.909999	0.024
45.83999898	0.023
46.13999897	0.022
46.18999897	0.021
46.94999895	0.02
47.45999894	0.019
47.71999893	0.018
47.76999893	0.017
48.29999892	0.016
48.76999891	0.015
50.37999887	0.014
50.43999887	0.013
50.85999886	0.012
50.95999886	0.011
51.83999884	0.01
52.04999884	0.009
54.73999878	0.008
55.51999876	0.007
56.10999875	0.006
56.37999874	0.005
60.84999864	0.004
71.32999841	0.003
72.09999839	0.002
78.00999826	0.001
82.70999815	0
