0		1
0.699999984	0.999
0.729999984	0.998
0.819999982	0.997
0.829999981	0.996
0.869999981	0.995
0.89999998	0.994
0.90999998	0.993
0.929999979	0.992
0.929999979	0.991
0.929999979	0.99
0.949999979	0.989
0.959999978	0.988
0.969999978	0.987
0.979999978	0.986
0.989999978	0.985
0.999999978	0.984
1.009999977	0.983
1.019999977	0.982
1.049999977	0.981
1.059999976	0.98
1.069999976	0.979
1.069999976	0.978
1.069999976	0.977
1.089999976	0.976
1.099999975	0.975
1.119999975	0.974
1.149999974	0.973
1.149999974	0.972
1.159999974	0.971
1.159999974	0.97
1.169999974	0.969
1.169999974	0.968
1.169999974	0.967
1.169999974	0.966
1.179999974	0.965
1.179999974	0.964
1.179999974	0.963
1.199999973	0.962
1.209999973	0.961
1.219999973	0.96
1.219999973	0.959
1.229999972	0.958
1.229999972	0.957
1.229999972	0.956
1.239999972	0.955
1.249999972	0.954
1.249999972	0.953
1.249999972	0.952
1.259999972	0.951
1.259999972	0.95
1.259999972	0.949
1.259999972	0.948
1.259999972	0.947
1.259999972	0.946
1.259999972	0.945
1.279999971	0.944
1.289999971	0.943
1.289999971	0.942
1.299999971	0.941
1.309999971	0.94
1.309999971	0.939
1.309999971	0.938
1.319999971	0.937
1.32999997	0.936
1.32999997	0.935
1.34999997	0.934
1.34999997	0.933
1.35999997	0.932
1.35999997	0.931
1.389999969	0.93
1.389999969	0.929
1.409999969	0.928
1.409999969	0.927
1.409999969	0.926
1.419999968	0.925
1.419999968	0.924
1.419999968	0.923
1.419999968	0.922
1.429999968	0.921
1.439999968	0.92
1.439999968	0.919
1.459999967	0.918
1.459999967	0.917
1.469999967	0.916
1.469999967	0.915
1.469999967	0.914
1.469999967	0.913
1.479999967	0.912
1.489999967	0.911
1.499999966	0.91
1.499999966	0.909
1.509999966	0.908
1.519999966	0.907
1.519999966	0.906
1.519999966	0.905
1.549999965	0.904
1.559999965	0.903
1.569999965	0.902
1.569999965	0.901
1.609999964	0.9
1.609999964	0.899
1.609999964	0.898
1.609999964	0.897
1.609999964	0.896
1.619999964	0.895
1.619999964	0.894
1.619999964	0.893
1.629999964	0.892
1.639999963	0.891
1.649999963	0.89
1.649999963	0.889
1.649999963	0.888
1.659999963	0.887
1.659999963	0.886
1.689999962	0.885
1.699999962	0.884
1.699999962	0.883
1.709999962	0.882
1.709999962	0.881
1.719999962	0.88
1.729999961	0.879
1.729999961	0.878
1.739999961	0.877
1.739999961	0.876
1.749999961	0.875
1.749999961	0.874
1.749999961	0.873
1.759999961	0.872
1.759999961	0.871
1.76999996	0.87
1.78999996	0.869
1.78999996	0.868
1.78999996	0.867
1.79999996	0.866
1.80999996	0.865
1.819999959	0.864
1.819999959	0.863
1.829999959	0.862
1.829999959	0.861
1.849999959	0.86
1.849999959	0.859
1.849999959	0.858
1.849999959	0.857
1.859999958	0.856
1.859999958	0.855
1.869999958	0.854
1.869999958	0.853
1.869999958	0.852
1.879999958	0.851
1.879999958	0.85
1.889999958	0.849
1.889999958	0.848
1.899999957	0.847
1.899999957	0.846
1.909999957	0.845
1.909999957	0.844
1.909999957	0.843
1.919999957	0.842
1.919999957	0.841
1.929999957	0.84
1.939999957	0.839
1.939999957	0.838
1.939999957	0.837
1.949999956	0.836
1.949999956	0.835
1.949999956	0.834
1.969999956	0.833
1.969999956	0.832
1.999999955	0.831
1.999999955	0.83
1.999999955	0.829
2.009999955	0.828
2.009999955	0.827
2.009999955	0.826
2.009999955	0.825
2.019999955	0.824
2.019999955	0.823
2.019999955	0.822
2.019999955	0.821
2.029999955	0.82
2.049999954	0.819
2.059999954	0.818
2.059999954	0.817
2.069999954	0.816
2.079999954	0.815
2.079999954	0.814
2.089999953	0.813
2.099999953	0.812
2.109999953	0.811
2.119999953	0.81
2.129999952	0.809
2.129999952	0.808
2.149999952	0.807
2.149999952	0.806
2.159999952	0.805
2.189999951	0.804
2.189999951	0.803
2.199999951	0.802
2.209999951	0.801
2.209999951	0.8
2.21999995	0.799
2.22999995	0.798
2.23999995	0.797
2.23999995	0.796
2.23999995	0.795
2.25999995	0.794
2.25999995	0.793
2.25999995	0.792
2.269999949	0.791
2.289999949	0.79
2.309999948	0.789
2.309999948	0.788
2.339999948	0.787
2.339999948	0.786
2.339999948	0.785
2.349999948	0.784
2.349999948	0.783
2.349999948	0.782
2.359999947	0.781
2.359999947	0.78
2.379999947	0.779
2.399999946	0.778
2.399999946	0.777
2.399999946	0.776
2.409999946	0.775
2.409999946	0.774
2.419999946	0.773
2.419999946	0.772
2.429999946	0.771
2.439999945	0.77
2.439999945	0.769
2.449999945	0.768
2.459999945	0.767
2.469999945	0.766
2.469999945	0.765
2.479999945	0.764
2.479999945	0.763
2.479999945	0.762
2.489999944	0.761
2.489999944	0.76
2.499999944	0.759
2.519999944	0.758
2.519999944	0.757
2.529999944	0.756
2.529999944	0.755
2.529999944	0.754
2.529999944	0.753
2.569999943	0.752
2.569999943	0.751
2.579999942	0.75
2.579999942	0.749
2.579999942	0.748
2.589999942	0.747
2.619999941	0.746
2.629999941	0.745
2.629999941	0.744
2.629999941	0.743
2.639999941	0.742
2.639999941	0.741
2.649999941	0.74
2.649999941	0.739
2.659999941	0.738
2.659999941	0.737
2.659999941	0.736
2.66999994	0.735
2.67999994	0.734
2.69999994	0.733
2.69999994	0.732
2.69999994	0.731
2.719999939	0.73
2.719999939	0.729
2.719999939	0.728
2.719999939	0.727
2.719999939	0.726
2.729999939	0.725
2.739999939	0.724
2.739999939	0.723
2.739999939	0.722
2.749999938	0.721
2.759999938	0.72
2.769999938	0.719
2.769999938	0.718
2.769999938	0.717
2.779999938	0.716
2.779999938	0.715
2.779999938	0.714
2.789999938	0.713
2.799999937	0.712
2.799999937	0.711
2.799999937	0.71
2.809999937	0.709
2.809999937	0.708
2.809999937	0.707
2.829999937	0.706
2.829999937	0.705
2.829999937	0.704
2.829999937	0.703
2.829999937	0.702
2.829999937	0.701
2.849999936	0.7
2.849999936	0.699
2.859999936	0.698
2.879999936	0.697
2.889999935	0.696
2.889999935	0.695
2.889999935	0.694
2.899999935	0.693
2.899999935	0.692
2.909999935	0.691
2.919999935	0.69
2.929999935	0.689
2.929999935	0.688
2.939999934	0.687
2.959999934	0.686
2.969999934	0.685
3.029999932	0.684
3.029999932	0.683
3.049999932	0.682
3.059999932	0.681
3.069999931	0.68
3.069999931	0.679
3.089999931	0.678
3.11999993	0.677
3.189999929	0.676
3.219999928	0.675
3.219999928	0.674
3.219999928	0.673
3.229999928	0.672
3.229999928	0.671
3.259999927	0.67
3.299999926	0.669
3.299999926	0.668
3.309999926	0.667
3.309999926	0.666
3.309999926	0.665
3.329999926	0.664
3.339999925	0.663
3.369999925	0.662
3.389999924	0.661
3.399999924	0.66
3.399999924	0.659
3.409999924	0.658
3.469999922	0.657
3.469999922	0.656
3.489999922	0.655
3.489999922	0.654
3.489999922	0.653
3.499999922	0.652
3.499999922	0.651
3.529999921	0.65
3.549999921	0.649
3.55999992	0.648
3.55999992	0.647
3.56999992	0.646
3.57999992	0.645
3.57999992	0.644
3.58999992	0.643
3.58999992	0.642
3.639999919	0.641
3.639999919	0.64
3.659999918	0.639
3.689999917	0.638
3.699999917	0.637
3.699999917	0.636
3.719999917	0.635
3.729999917	0.634
3.749999916	0.633
3.789999915	0.632
3.819999915	0.631
3.829999914	0.63
3.829999914	0.629
3.849999914	0.628
3.889999913	0.627
3.889999913	0.626
3.899999913	0.625
3.929999912	0.624
3.939999912	0.623
3.969999911	0.622
3.979999911	0.621
3.979999911	0.62
3.979999911	0.619
3.989999911	0.618
3.989999911	0.617
4.00999991	0.616
4.03999991	0.615
4.04999991	0.614
4.059999909	0.613
4.069999909	0.612
4.089999909	0.611
4.129999908	0.61
4.129999908	0.609
4.169999907	0.608
4.169999907	0.607
4.199999906	0.606
4.229999905	0.605
4.229999905	0.604
4.239999905	0.603
4.239999905	0.602
4.279999904	0.601
4.309999904	0.6
4.349999903	0.599
4.349999903	0.598
4.359999903	0.597
4.379999902	0.596
4.389999902	0.595
4.409999901	0.594
4.409999901	0.593
4.419999901	0.592
4.439999901	0.591
4.4599999	0.59
4.499999899	0.589
4.499999899	0.588
4.509999899	0.587
4.509999899	0.586
4.579999898	0.585
4.579999898	0.584
4.609999897	0.583
4.619999897	0.582
4.639999896	0.581
4.699999895	0.58
4.719999894	0.579
4.719999894	0.578
4.769999893	0.577
4.769999893	0.576
4.809999892	0.575
4.829999892	0.574
4.849999892	0.573
4.859999891	0.572
4.92999989	0.571
4.92999989	0.57
4.93999989	0.569
4.949999889	0.568
4.959999889	0.567
4.969999889	0.566
5.139999885	0.565
5.179999884	0.564
5.179999884	0.563
5.189999884	0.562
5.189999884	0.561
5.289999882	0.56
5.319999881	0.559
5.329999881	0.558
5.34999988	0.557
5.36999988	0.556
5.36999988	0.555
5.37999988	0.554
5.439999878	0.553
5.509999877	0.552
5.509999877	0.551
5.549999876	0.55
5.549999876	0.549
5.579999875	0.548
5.599999875	0.547
5.679999873	0.546
5.689999873	0.545
5.699999873	0.544
5.699999873	0.543
5.749999872	0.542
5.839999869	0.541
5.839999869	0.54
5.869999869	0.539
5.879999869	0.538
5.909999868	0.537
5.919999868	0.536
5.959999867	0.535
5.969999867	0.534
5.969999867	0.533
5.979999866	0.532
5.999999866	0.531
6.009999866	0.53
6.009999866	0.529
6.069999864	0.528
6.099999864	0.527
6.109999863	0.526
6.189999862	0.525
6.199999861	0.524
6.199999861	0.523
6.199999861	0.522
6.239999861	0.521
6.25999986	0.52
6.26999986	0.519
6.26999986	0.518
6.369999858	0.517
6.389999857	0.516
6.479999855	0.515
6.599999852	0.514
6.599999852	0.513
6.609999852	0.512
6.609999852	0.511
6.679999851	0.51
6.70999985	0.509
6.71999985	0.508
6.749999849	0.507
6.779999849	0.506
6.789999848	0.505
6.819999848	0.504
6.889999846	0.503
6.939999845	0.502
6.969999844	0.501
6.969999844	0.5
6.999999844	0.499
7.029999843	0.498
7.049999842	0.497
7.069999842	0.496
7.079999842	0.495
7.129999841	0.494
7.13999984	0.493
7.179999839	0.492
7.229999838	0.491
7.249999838	0.49
7.249999838	0.489
7.299999837	0.488
7.369999835	0.487
7.369999835	0.486
7.409999834	0.485
7.419999834	0.484
7.519999832	0.483
7.60999983	0.482
7.649999829	0.481
7.649999829	0.48
7.729999827	0.479
7.729999827	0.478
7.779999826	0.477
7.779999826	0.476
7.839999825	0.475
7.889999824	0.474
7.909999823	0.473
7.999999821	0.472
8.029999821	0.471
8.089999819	0.47
8.109999819	0.469
8.149999818	0.468
8.149999818	0.467
8.159999818	0.466
8.209999816	0.465
8.229999816	0.464
8.249999816	0.463
8.259999815	0.462
8.319999814	0.461
8.329999814	0.46
8.369999813	0.459
8.409999812	0.458
8.439999811	0.457
8.469999811	0.456
8.479999811	0.455
8.49999981	0.454
8.609999808	0.453
8.639999807	0.452
8.649999807	0.451
8.729999805	0.45
8.749999804	0.449
8.829999803	0.448
8.889999801	0.447
8.899999801	0.446
8.909999801	0.445
8.9399998	0.444
8.9599998	0.443
8.979999799	0.442
9.019999798	0.441
9.029999798	0.44
9.029999798	0.439
9.039999798	0.438
9.089999797	0.437
9.139999796	0.436
9.199999794	0.435
9.279999793	0.434
9.279999793	0.433
9.319999792	0.432
9.39999979	0.431
9.40999979	0.43
9.439999789	0.429
9.479999788	0.428
9.529999787	0.427
9.599999785	0.426
9.639999785	0.425
9.749999782	0.424
9.789999781	0.423
9.81999978	0.422
9.83999978	0.421
9.84999978	0.42
9.869999779	0.419
9.869999779	0.418
9.879999779	0.417
9.909999778	0.416
9.919999778	0.415
9.959999777	0.414
9.959999777	0.413
10.06999977	0.412
10.09999977	0.411
10.14999977	0.41
10.21999977	0.409
10.23999977	0.408
10.26999977	0.407
10.27999977	0.406
10.31999977	0.405
10.34999977	0.404
10.34999977	0.403
10.36999977	0.402
10.37999977	0.401
10.37999977	0.4
10.42999977	0.399
10.44999977	0.398
10.49999977	0.397
10.50999977	0.396
10.54999976	0.395
10.55999976	0.394
10.57999976	0.393
10.59999976	0.392
10.59999976	0.391
10.62999976	0.39
10.67999976	0.389
10.71999976	0.388
10.71999976	0.387
10.74999976	0.386
10.74999976	0.385
10.89999976	0.384
10.93999976	0.383
10.96999975	0.382
10.97999975	0.381
11.01999975	0.38
11.01999975	0.379
11.01999975	0.378
11.02999975	0.377
11.03999975	0.376
11.04999975	0.375
11.05999975	0.374
11.06999975	0.373
11.16999975	0.372
11.17999975	0.371
11.18999975	0.37
11.24999975	0.369
11.26999975	0.368
11.39999975	0.367
11.42999974	0.366
11.46999974	0.365
11.50999974	0.364
11.59999974	0.363
11.63999974	0.362
11.65999974	0.361
11.71999974	0.36
11.73999974	0.359
11.78999974	0.358
11.87999973	0.357
11.89999973	0.356
11.91999973	0.355
11.94999973	0.354
11.96999973	0.353
11.98999973	0.352
12.04999973	0.351
12.07999973	0.35
12.07999973	0.349
12.08999973	0.348
12.18999973	0.347
12.18999973	0.346
12.20999973	0.345
12.23999973	0.344
12.26999973	0.343
12.27999973	0.342
12.28999973	0.341
12.30999972	0.34
12.31999972	0.339
12.35999972	0.338
12.41999972	0.337
12.45999972	0.336
12.50999972	0.335
12.52999972	0.334
12.54999972	0.333
12.55999972	0.332
12.67999972	0.331
12.85999971	0.33
12.91999971	0.329
12.92999971	0.328
12.93999971	0.327
12.96999971	0.326
12.98999971	0.325
13.05999971	0.324
13.09999971	0.323
13.09999971	0.322
13.10999971	0.321
13.17999971	0.32
13.2099997	0.319
13.2399997	0.318
13.2499997	0.317
13.2799997	0.316
13.4499997	0.315
13.4799997	0.314
13.4799997	0.313
13.5299997	0.312
13.6099997	0.311
13.6399997	0.31
13.66999969	0.309
13.68999969	0.308
13.69999969	0.307
13.75999969	0.306
13.79999969	0.305
13.81999969	0.304
13.92999969	0.303
14.10999968	0.302
14.15999968	0.301
14.21999968	0.3
14.28999968	0.299
14.44999968	0.298
14.47999968	0.297
14.48999968	0.296
14.53999968	0.295
14.63999967	0.294
14.75999967	0.293
14.76999967	0.292
14.77999967	0.291
14.82999967	0.29
14.85999967	0.289
14.88999967	0.288
14.90999967	0.287
14.93999967	0.286
15.13999966	0.285
15.19999966	0.284
15.20999966	0.283
15.32999966	0.282
15.37999966	0.281
15.38999966	0.28
15.43999965	0.279
15.46999965	0.278
15.46999965	0.277
15.51999965	0.276
15.55999965	0.275
15.56999965	0.274
15.66999965	0.273
15.76999965	0.272
15.96999964	0.271
15.98999964	0.27
16.13999964	0.269
16.16999964	0.268
16.25999964	0.267
16.37999963	0.266
16.44999963	0.265
16.56999963	0.264
16.60999963	0.263
16.61999963	0.262
16.65999963	0.261
16.67999963	0.26
16.72999963	0.259
16.76999963	0.258
16.80999962	0.257
16.86999962	0.256
16.91999962	0.255
16.96999962	0.254
16.96999962	0.253
16.98999962	0.252
16.99999962	0.251
17.06999962	0.25
17.09999962	0.249
17.10999962	0.248
17.17999962	0.247
17.26999961	0.246
17.30999961	0.245
17.39999961	0.244
17.62999961	0.243
17.6799996	0.242
17.6799996	0.241
17.7199996	0.24
17.8799996	0.239
17.9399996	0.238
17.9999996	0.237
18.0599996	0.236
18.12999959	0.235
18.18999959	0.234
18.18999959	0.233
18.33999959	0.232
18.36999959	0.231
18.61999958	0.23
18.66999958	0.229
18.67999958	0.228
18.69999958	0.227
18.71999958	0.226
18.72999958	0.225
18.85999958	0.224
18.87999958	0.223
18.89999958	0.222
18.96999958	0.221
19.08999957	0.22
19.08999957	0.219
19.13999957	0.218
19.14999957	0.217
19.23999957	0.216
19.26999957	0.215
19.27999957	0.214
19.29999957	0.213
19.30999957	0.212
19.40999957	0.211
19.40999957	0.21
19.50999956	0.209
19.50999956	0.208
19.53999956	0.207
19.61999956	0.206
19.64999956	0.205
19.67999956	0.204
19.67999956	0.203
19.68999956	0.202
19.74999956	0.201
19.78999956	0.2
19.81999956	0.199
19.82999956	0.198
19.90999955	0.197
19.92999955	0.196
20.09999955	0.195
20.13999955	0.194
20.18999955	0.193
20.20999955	0.192
20.25999955	0.191
20.54999954	0.19
20.80999953	0.189
20.83999953	0.188
20.87999953	0.187
20.91999953	0.186
20.92999953	0.185
20.92999953	0.184
20.94999953	0.183
20.94999953	0.182
21.05999953	0.181
21.10999953	0.18
21.14999953	0.179
21.15999953	0.178
21.21999953	0.177
21.24999953	0.176
21.27999952	0.175
21.36999952	0.174
21.37999952	0.173
21.37999952	0.172
21.45999952	0.171
21.46999952	0.17
21.48999952	0.169
21.70999951	0.168
21.91999951	0.167
21.92999951	0.166
22.02999951	0.165
22.02999951	0.164
22.13999951	0.163
22.1699995	0.162
22.3199995	0.161
22.3199995	0.16
22.4399995	0.159
22.4899995	0.158
22.4899995	0.157
22.4999995	0.156
22.5799995	0.155
22.70999949	0.154
22.79999949	0.153
22.80999949	0.152
23.03999948	0.151
23.09999948	0.15
23.16999948	0.149
23.20999948	0.148
23.22999948	0.147
23.27999948	0.146
23.28999948	0.145
23.35999948	0.144
23.51999947	0.143
23.67999947	0.142
23.70999947	0.141
23.81999947	0.14
23.98999946	0.139
23.99999946	0.138
24.24999946	0.137
24.29999946	0.136
24.30999946	0.135
24.31999946	0.134
24.48999945	0.133
24.52999945	0.132
24.57999945	0.131
24.93999944	0.13
24.95999944	0.129
25.33999943	0.128
25.36999943	0.127
25.39999943	0.126
25.45999943	0.125
25.57999943	0.124
25.65999943	0.123
25.78999942	0.122
25.84999942	0.121
25.84999942	0.12
25.86999942	0.119
25.88999942	0.118
25.93999942	0.117
25.97999942	0.116
26.00999942	0.115
26.01999942	0.114
26.10999942	0.113
26.21999941	0.112
26.30999941	0.111
26.49999941	0.11
26.58999941	0.109
26.8299994	0.108
26.8899994	0.107
27.15999939	0.106
27.19999939	0.105
27.27999939	0.104
27.41999939	0.103
27.48999939	0.102
27.80999938	0.101
28.09999937	0.1
28.31999937	0.099
28.36999937	0.098
28.38999937	0.097
28.38999937	0.096
28.43999936	0.095
28.79999936	0.094
28.96999935	0.093
28.99999935	0.092
29.06999935	0.091
29.07999935	0.09
29.13999935	0.089
29.32999934	0.088
29.43999934	0.087
29.44999934	0.086
29.45999934	0.085
29.48999934	0.084
29.50999934	0.083
29.74999933	0.082
29.78999933	0.081
29.83999933	0.08
29.96999933	0.079
29.98999933	0.078
30.07999933	0.077
30.19999933	0.076
30.24999932	0.075
30.24999932	0.074
30.42999932	0.073
30.55999932	0.072
30.73999931	0.071
30.81999931	0.07
30.92999931	0.069
30.98999931	0.068
31.2399993	0.067
31.3399993	0.066
31.3899993	0.065
31.4599993	0.064
31.67999929	0.063
31.85999929	0.062
31.92999929	0.061
32.13999928	0.06
32.27999928	0.059
32.40999928	0.058
32.60999927	0.057
32.67999927	0.056
33.25999926	0.055
33.60999925	0.054
34.09999924	0.053
34.38999923	0.052
34.50999923	0.051
35.11999922	0.05
35.17999921	0.049
35.35999921	0.048
35.36999921	0.047
35.9299992	0.046
36.02999919	0.045
36.23999919	0.044
36.45999919	0.043
36.54999918	0.042
36.58999918	0.041
36.62999918	0.04
36.86999918	0.039
36.98999917	0.038
37.24999917	0.037
37.28999917	0.036
37.97999915	0.035
38.27999914	0.034
38.69999913	0.033
38.88999913	0.032
39.53999912	0.031
39.81999911	0.03
40.56999909	0.029
40.57999909	0.028
40.86999909	0.027
41.38999907	0.026
41.85999906	0.025
41.98999906	0.024
42.08999906	0.023
42.14999906	0.022
42.35999905	0.021
42.48999905	0.02
42.59999905	0.019
44.25999901	0.018
45.62999898	0.017
45.70999898	0.016
45.92999897	0.015
46.13999897	0.014
46.60999896	0.013
46.63999896	0.012
48.44999892	0.011
49.4199989	0.01
49.45999889	0.009
49.79999889	0.008
50.59999887	0.007
52.91999882	0.006
60.07999866	0.005
60.49999865	0.004
60.96999864	0.003
66.02999852	0.002
66.36999852	0.001
67.56999849	0
