0		1
0.679999985	0.999
0.87999998	0.998
0.89999998	0.997
0.89999998	0.996
0.949999979	0.995
0.989999978	0.994
0.989999978	0.993
0.999999978	0.992
0.999999978	0.991
1.019999977	0.99
1.029999977	0.989
1.029999977	0.988
1.039999977	0.987
1.049999977	0.986
1.049999977	0.985
1.069999976	0.984
1.069999976	0.983
1.079999976	0.982
1.089999976	0.981
1.099999975	0.98
1.099999975	0.979
1.109999975	0.978
1.109999975	0.977
1.119999975	0.976
1.119999975	0.975
1.129999975	0.974
1.129999975	0.973
1.129999975	0.972
1.139999975	0.971
1.139999975	0.97
1.139999975	0.969
1.139999975	0.968
1.149999974	0.967
1.149999974	0.966
1.149999974	0.965
1.159999974	0.964
1.169999974	0.963
1.169999974	0.962
1.169999974	0.961
1.189999973	0.96
1.189999973	0.959
1.189999973	0.958
1.189999973	0.957
1.199999973	0.956
1.209999973	0.955
1.209999973	0.954
1.209999973	0.953
1.219999973	0.952
1.219999973	0.951
1.239999972	0.95
1.239999972	0.949
1.249999972	0.948
1.249999972	0.947
1.269999972	0.946
1.279999971	0.945
1.279999971	0.944
1.299999971	0.943
1.299999971	0.942
1.299999971	0.941
1.32999997	0.94
1.32999997	0.939
1.32999997	0.938
1.33999997	0.937
1.33999997	0.936
1.33999997	0.935
1.34999997	0.934
1.34999997	0.933
1.379999969	0.932
1.379999969	0.931
1.389999969	0.93
1.389999969	0.929
1.399999969	0.928
1.399999969	0.927
1.419999968	0.926
1.429999968	0.925
1.429999968	0.924
1.429999968	0.923
1.429999968	0.922
1.439999968	0.921
1.439999968	0.92
1.439999968	0.919
1.439999968	0.918
1.449999968	0.917
1.459999967	0.916
1.459999967	0.915
1.459999967	0.914
1.469999967	0.913
1.469999967	0.912
1.479999967	0.911
1.479999967	0.91
1.489999967	0.909
1.489999967	0.908
1.499999966	0.907
1.499999966	0.906
1.509999966	0.905
1.509999966	0.904
1.519999966	0.903
1.519999966	0.902
1.519999966	0.901
1.529999966	0.9
1.529999966	0.899
1.539999966	0.898
1.539999966	0.897
1.539999966	0.896
1.539999966	0.895
1.549999965	0.894
1.559999965	0.893
1.559999965	0.892
1.559999965	0.891
1.569999965	0.89
1.579999965	0.889
1.579999965	0.888
1.599999964	0.887
1.599999964	0.886
1.599999964	0.885
1.609999964	0.884
1.619999964	0.883
1.619999964	0.882
1.619999964	0.881
1.619999964	0.88
1.619999964	0.879
1.629999964	0.878
1.639999963	0.877
1.639999963	0.876
1.639999963	0.875
1.639999963	0.874
1.649999963	0.873
1.649999963	0.872
1.659999963	0.871
1.659999963	0.87
1.659999963	0.869
1.679999962	0.868
1.689999962	0.867
1.689999962	0.866
1.719999962	0.865
1.719999962	0.864
1.719999962	0.863
1.719999962	0.862
1.729999961	0.861
1.729999961	0.86
1.729999961	0.859
1.739999961	0.858
1.739999961	0.857
1.749999961	0.856
1.749999961	0.855
1.759999961	0.854
1.759999961	0.853
1.76999996	0.852
1.77999996	0.851
1.77999996	0.85
1.77999996	0.849
1.78999996	0.848
1.79999996	0.847
1.79999996	0.846
1.79999996	0.845
1.80999996	0.844
1.80999996	0.843
1.80999996	0.842
1.819999959	0.841
1.829999959	0.84
1.829999959	0.839
1.829999959	0.838
1.839999959	0.837
1.839999959	0.836
1.839999959	0.835
1.849999959	0.834
1.849999959	0.833
1.859999958	0.832
1.869999958	0.831
1.879999958	0.83
1.889999958	0.829
1.889999958	0.828
1.899999957	0.827
1.899999957	0.826
1.899999957	0.825
1.899999957	0.824
1.919999957	0.823
1.929999957	0.822
1.939999957	0.821
1.939999957	0.82
1.959999956	0.819
1.979999956	0.818
1.979999956	0.817
1.979999956	0.816
1.979999956	0.815
1.989999956	0.814
1.989999956	0.813
1.989999956	0.812
1.999999955	0.811
2.009999955	0.81
2.009999955	0.809
2.029999955	0.808
2.029999955	0.807
2.029999955	0.806
2.059999954	0.805
2.059999954	0.804
2.069999954	0.803
2.079999954	0.802
2.089999953	0.801
2.089999953	0.8
2.099999953	0.799
2.109999953	0.798
2.109999953	0.797
2.119999953	0.796
2.129999952	0.795
2.129999952	0.794
2.139999952	0.793
2.139999952	0.792
2.139999952	0.791
2.149999952	0.79
2.149999952	0.789
2.159999952	0.788
2.169999951	0.787
2.179999951	0.786
2.179999951	0.785
2.179999951	0.784
2.199999951	0.783
2.199999951	0.782
2.199999951	0.781
2.209999951	0.78
2.21999995	0.779
2.21999995	0.778
2.21999995	0.777
2.22999995	0.776
2.22999995	0.775
2.23999995	0.774
2.24999995	0.773
2.25999995	0.772
2.25999995	0.771
2.25999995	0.77
2.269999949	0.769
2.269999949	0.768
2.279999949	0.767
2.279999949	0.766
2.289999949	0.765
2.289999949	0.764
2.289999949	0.763
2.289999949	0.762
2.299999949	0.761
2.299999949	0.76
2.319999948	0.759
2.329999948	0.758
2.339999948	0.757
2.349999948	0.756
2.349999948	0.755
2.379999947	0.754
2.389999947	0.753
2.389999947	0.752
2.409999946	0.751
2.409999946	0.75
2.419999946	0.749
2.429999946	0.748
2.429999946	0.747
2.429999946	0.746
2.429999946	0.745
2.439999945	0.744
2.439999945	0.743
2.449999945	0.742
2.459999945	0.741
2.459999945	0.74
2.479999945	0.739
2.489999944	0.738
2.489999944	0.737
2.489999944	0.736
2.519999944	0.735
2.529999944	0.734
2.529999944	0.733
2.539999943	0.732
2.559999943	0.731
2.559999943	0.73
2.559999943	0.729
2.559999943	0.728
2.569999943	0.727
2.569999943	0.726
2.579999942	0.725
2.589999942	0.724
2.599999942	0.723
2.599999942	0.722
2.619999941	0.721
2.629999941	0.72
2.639999941	0.719
2.659999941	0.718
2.659999941	0.717
2.67999994	0.716
2.68999994	0.715
2.69999994	0.714
2.709999939	0.713
2.719999939	0.712
2.719999939	0.711
2.729999939	0.71
2.729999939	0.709
2.729999939	0.708
2.729999939	0.707
2.749999938	0.706
2.759999938	0.705
2.769999938	0.704
2.769999938	0.703
2.779999938	0.702
2.789999938	0.701
2.789999938	0.7
2.799999937	0.699
2.799999937	0.698
2.809999937	0.697
2.819999937	0.696
2.819999937	0.695
2.829999937	0.694
2.839999936	0.693
2.849999936	0.692
2.859999936	0.691
2.859999936	0.69
2.859999936	0.689
2.869999936	0.688
2.879999936	0.687
2.879999936	0.686
2.899999935	0.685
2.899999935	0.684
2.909999935	0.683
2.919999935	0.682
2.919999935	0.681
2.929999935	0.68
2.929999935	0.679
2.939999934	0.678
2.959999934	0.677
2.969999934	0.676
2.989999933	0.675
2.989999933	0.674
2.989999933	0.673
2.999999933	0.672
2.999999933	0.671
3.009999933	0.67
3.009999933	0.669
3.019999933	0.668
3.019999933	0.667
3.019999933	0.666
3.039999932	0.665
3.049999932	0.664
3.059999932	0.663
3.059999932	0.662
3.069999931	0.661
3.079999931	0.66
3.099999931	0.659
3.10999993	0.658
3.10999993	0.657
3.10999993	0.656
3.11999993	0.655
3.13999993	0.654
3.14999993	0.653
3.159999929	0.652
3.199999929	0.651
3.199999929	0.65
3.199999929	0.649
3.209999928	0.648
3.239999928	0.647
3.259999927	0.646
3.259999927	0.645
3.269999927	0.644
3.269999927	0.643
3.289999927	0.642
3.289999927	0.641
3.289999927	0.64
3.289999927	0.639
3.309999926	0.638
3.339999925	0.637
3.349999925	0.636
3.359999925	0.635
3.389999924	0.634
3.399999924	0.633
3.399999924	0.632
3.409999924	0.631
3.419999924	0.63
3.429999923	0.629
3.459999923	0.628
3.469999922	0.627
3.479999922	0.626
3.489999922	0.625
3.509999922	0.624
3.509999922	0.623
3.509999922	0.622
3.55999992	0.621
3.55999992	0.62
3.57999992	0.619
3.619999919	0.618
3.659999918	0.617
3.689999917	0.616
3.709999917	0.615
3.719999917	0.614
3.719999917	0.613
3.769999916	0.612
3.769999916	0.611
3.779999915	0.61
3.789999915	0.609
3.789999915	0.608
3.799999915	0.607
3.819999915	0.606
3.859999914	0.605
3.929999912	0.604
3.949999912	0.603
3.959999912	0.602
3.979999911	0.601
3.979999911	0.6
4.01999991	0.599
4.01999991	0.598
4.02999991	0.597
4.02999991	0.596
4.03999991	0.595
4.04999991	0.594
4.04999991	0.593
4.069999909	0.592
4.079999909	0.591
4.099999908	0.59
4.109999908	0.589
4.119999908	0.588
4.149999907	0.587
4.159999907	0.586
4.209999906	0.585
4.219999906	0.584
4.259999905	0.583
4.359999903	0.582
4.379999902	0.581
4.389999902	0.58
4.399999902	0.579
4.409999901	0.578
4.409999901	0.577
4.4699999	0.576
4.519999899	0.575
4.539999898	0.574
4.539999898	0.573
4.539999898	0.572
4.549999898	0.571
4.569999898	0.57
4.569999898	0.569
4.589999897	0.568
4.609999897	0.567
4.609999897	0.566
4.649999896	0.565
4.669999896	0.564
4.679999895	0.563
4.699999895	0.562
4.749999894	0.561
4.749999894	0.56
4.769999893	0.559
4.779999893	0.558
4.839999892	0.557
4.849999892	0.556
4.869999891	0.555
4.889999891	0.554
4.889999891	0.553
4.889999891	0.552
4.92999989	0.551
4.949999889	0.55
4.959999889	0.549
4.959999889	0.548
5.019999888	0.547
5.049999887	0.546
5.049999887	0.545
5.059999887	0.544
5.139999885	0.543
5.139999885	0.542
5.169999884	0.541
5.229999883	0.54
5.239999883	0.539
5.249999883	0.538
5.259999882	0.537
5.269999882	0.536
5.269999882	0.535
5.319999881	0.534
5.35999988	0.533
5.36999988	0.532
5.38999988	0.531
5.399999879	0.53
5.459999878	0.529
5.459999878	0.528
5.479999878	0.527
5.509999877	0.526
5.529999876	0.525
5.539999876	0.524
5.569999875	0.523
5.609999875	0.522
5.629999874	0.521
5.629999874	0.52
5.669999873	0.519
5.709999872	0.518
5.719999872	0.517
5.769999871	0.516
5.80999987	0.515
5.81999987	0.514
5.919999868	0.513
5.929999868	0.512
5.949999867	0.511
5.959999867	0.51
5.969999867	0.509
5.979999866	0.508
5.979999866	0.507
6.019999865	0.506
6.109999863	0.505
6.129999863	0.504
6.199999861	0.503
6.239999861	0.502
6.239999861	0.501
6.289999859	0.5
6.359999858	0.499
6.359999858	0.498
6.379999857	0.497
6.379999857	0.496
6.409999857	0.495
6.439999856	0.494
6.459999856	0.493
6.509999855	0.492
6.519999854	0.491
6.629999852	0.49
6.649999851	0.489
6.789999848	0.488
6.829999847	0.487
6.899999846	0.486
6.899999846	0.485
6.949999845	0.484
6.989999844	0.483
7.029999843	0.482
7.039999843	0.481
7.069999842	0.48
7.119999841	0.479
7.14999984	0.478
7.14999984	0.477
7.15999984	0.476
7.229999838	0.475
7.239999838	0.474
7.239999838	0.473
7.249999838	0.472
7.379999835	0.471
7.409999834	0.47
7.419999834	0.469
7.419999834	0.468
7.479999833	0.467
7.499999832	0.466
7.509999832	0.465
7.529999832	0.464
7.529999832	0.463
7.539999832	0.462
7.58999983	0.461
7.59999983	0.46
7.60999983	0.459
7.60999983	0.458
7.669999829	0.457
7.719999827	0.456
7.729999827	0.455
7.729999827	0.454
7.769999826	0.453
7.779999826	0.452
7.789999826	0.451
7.789999826	0.45
7.799999826	0.449
7.809999825	0.448
7.839999825	0.447
7.849999825	0.446
7.909999823	0.445
7.919999823	0.444
7.929999823	0.443
8.03999982	0.442
8.119999819	0.441
8.139999818	0.44
8.159999818	0.439
8.169999817	0.438
8.239999816	0.437
8.289999815	0.436
8.319999814	0.435
8.369999813	0.434
8.369999813	0.433
8.479999811	0.432
8.479999811	0.431
8.539999809	0.43
8.539999809	0.429
8.759999804	0.428
8.759999804	0.427
8.779999804	0.426
8.799999803	0.425
8.819999803	0.424
8.829999803	0.423
8.859999802	0.422
8.9499998	0.421
9.029999798	0.42
9.109999796	0.419
9.119999796	0.418
9.119999796	0.417
9.129999796	0.416
9.139999796	0.415
9.149999795	0.414
9.199999794	0.413
9.219999794	0.412
9.239999793	0.411
9.249999793	0.41
9.269999793	0.409
9.289999792	0.408
9.289999792	0.407
9.299999792	0.406
9.339999791	0.405
9.359999791	0.404
9.359999791	0.403
9.369999791	0.402
9.449999789	0.401
9.549999787	0.4
9.629999785	0.399
9.659999784	0.398
9.669999784	0.397
9.669999784	0.396
9.689999783	0.395
9.729999783	0.394
9.749999782	0.393
9.759999782	0.392
9.769999782	0.391
9.81999978	0.39
9.81999978	0.389
9.82999978	0.388
9.84999978	0.387
9.85999978	0.386
9.869999779	0.385
9.909999778	0.384
10.02999978	0.383
10.02999978	0.382
10.03999978	0.381
10.05999978	0.38
10.12999977	0.379
10.15999977	0.378
10.23999977	0.377
10.26999977	0.376
10.32999977	0.375
10.37999977	0.374
10.37999977	0.373
10.42999977	0.372
10.43999977	0.371
10.51999976	0.37
10.56999976	0.369
10.58999976	0.368
10.63999976	0.367
10.70999976	0.366
10.79999976	0.365
10.87999976	0.364
11.07999975	0.363
11.11999975	0.362
11.12999975	0.361
11.13999975	0.36
11.19999975	0.359
11.26999975	0.358
11.29999975	0.357
11.31999975	0.356
11.35999975	0.355
11.38999975	0.354
11.44999974	0.353
11.51999974	0.352
11.62999974	0.351
11.63999974	0.35
11.63999974	0.349
11.72999974	0.348
11.88999973	0.347
11.88999973	0.346
11.94999973	0.345
11.95999973	0.344
11.96999973	0.343
11.96999973	0.342
11.97999973	0.341
12.10999973	0.34
12.12999973	0.339
12.15999973	0.338
12.21999973	0.337
12.30999972	0.336
12.33999972	0.335
12.35999972	0.334
12.39999972	0.333
12.44999972	0.332
12.45999972	0.331
12.46999972	0.33
12.53999972	0.329
12.61999972	0.328
12.63999972	0.327
12.64999972	0.326
12.67999972	0.325
12.77999971	0.324
12.84999971	0.323
13.01999971	0.322
13.12999971	0.321
13.13999971	0.32
13.16999971	0.319
13.19999971	0.318
13.4099997	0.317
13.4099997	0.316
13.4399997	0.315
13.5399997	0.314
13.5899997	0.313
13.6099997	0.312
13.6399997	0.311
13.67999969	0.31
13.84999969	0.309
13.87999969	0.308
13.97999969	0.307
13.97999969	0.306
13.99999969	0.305
14.03999969	0.304
14.08999969	0.303
14.12999968	0.302
14.13999968	0.301
14.22999968	0.3
14.23999968	0.299
14.53999968	0.298
14.55999967	0.297
14.72999967	0.296
14.78999967	0.295
14.86999967	0.294
14.87999967	0.293
14.94999967	0.292
14.95999967	0.291
15.00999966	0.29
15.06999966	0.289
15.07999966	0.288
15.15999966	0.287
15.19999966	0.286
15.32999966	0.285
15.48999965	0.284
15.55999965	0.283
15.58999965	0.282
15.59999965	0.281
15.76999965	0.28
15.76999965	0.279
15.82999965	0.278
15.88999964	0.277
16.00999964	0.276
16.01999964	0.275
16.03999964	0.274
16.05999964	0.273
16.06999964	0.272
16.11999964	0.271
16.13999964	0.27
16.22999964	0.269
16.34999963	0.268
16.35999963	0.267
16.43999963	0.266
16.45999963	0.265
16.47999963	0.264
16.49999963	0.263
16.55999963	0.262
16.58999963	0.261
16.60999963	0.26
16.74999963	0.259
16.75999963	0.258
16.76999963	0.257
16.81999962	0.256
17.02999962	0.255
17.05999962	0.254
17.09999962	0.253
17.10999962	0.252
17.15999962	0.251
17.22999961	0.25
17.25999961	0.249
17.25999961	0.248
17.32999961	0.247
17.33999961	0.246
17.40999961	0.245
17.42999961	0.244
17.45999961	0.243
17.55999961	0.242
17.56999961	0.241
17.63999961	0.24
17.66999961	0.239
17.7499996	0.238
17.7599996	0.237
17.7999996	0.236
17.8299996	0.235
17.9699996	0.234
18.0199996	0.233
18.0599996	0.232
18.0999996	0.231
18.15999959	0.23
18.17999959	0.229
18.21999959	0.228
18.24999959	0.227
18.26999959	0.226
18.33999959	0.225
18.34999959	0.224
18.34999959	0.223
18.34999959	0.222
18.35999959	0.221
18.40999959	0.22
18.41999959	0.219
18.49999959	0.218
18.54999959	0.217
18.63999958	0.216
18.67999958	0.215
18.70999958	0.214
18.85999958	0.213
18.89999958	0.212
18.91999958	0.211
19.01999957	0.21
19.06999957	0.209
19.11999957	0.208
19.14999957	0.207
19.34999957	0.206
19.45999957	0.205
19.49999956	0.204
19.51999956	0.203
19.57999956	0.202
19.58999956	0.201
19.59999956	0.2
19.75999956	0.199
19.76999956	0.198
19.78999956	0.197
20.07999955	0.196
20.07999955	0.195
20.09999955	0.194
20.24999955	0.193
20.32999955	0.192
20.35999954	0.191
20.38999954	0.19
20.39999954	0.189
20.57999954	0.188
20.62999954	0.187
20.63999954	0.186
20.64999954	0.185
20.67999954	0.184
20.69999954	0.183
20.74999954	0.182
20.74999954	0.181
20.80999953	0.18
20.84999953	0.179
20.89999953	0.178
20.95999953	0.177
20.97999953	0.176
21.04999953	0.175
21.08999953	0.174
21.12999953	0.173
21.16999953	0.172
21.24999953	0.171
21.39999952	0.17
21.79999951	0.169
21.82999951	0.168
21.83999951	0.167
21.87999951	0.166
21.91999951	0.165
21.94999951	0.164
22.3799995	0.163
22.4999995	0.162
22.5299995	0.161
22.5499995	0.16
22.5899995	0.159
22.98999949	0.158
23.13999948	0.157
23.13999948	0.156
23.15999948	0.155
23.19999948	0.154
23.37999948	0.153
23.39999948	0.152
23.43999948	0.151
23.44999948	0.15
23.46999948	0.149
23.61999947	0.148
23.66999947	0.147
23.71999947	0.146
23.75999947	0.145
23.81999947	0.144
23.87999947	0.143
23.99999946	0.142
24.00999946	0.141
24.20999946	0.14
24.33999946	0.139
24.34999946	0.138
24.42999945	0.137
24.51999945	0.136
24.65999945	0.135
24.74999945	0.134
24.81999945	0.133
24.87999944	0.132
24.94999944	0.131
25.20999944	0.13
25.30999943	0.129
25.44999943	0.128
25.71999943	0.127
25.71999943	0.126
25.89999942	0.125
26.01999942	0.124
26.13999942	0.123
26.19999941	0.122
26.25999941	0.121
26.33999941	0.12
26.51999941	0.119
26.53999941	0.118
26.6699994	0.117
26.8199994	0.116
26.8899994	0.115
26.9099994	0.114
27.17999939	0.113
27.32999939	0.112
27.43999939	0.111
27.45999939	0.11
27.55999938	0.109
27.61999938	0.108
27.69999938	0.107
27.70999938	0.106
27.79999938	0.105
27.82999938	0.104
27.87999938	0.103
27.98999937	0.102
28.00999937	0.101
28.42999936	0.1
28.46999936	0.099
28.61999936	0.098
28.65999936	0.097
28.72999936	0.096
28.73999936	0.095
28.82999936	0.094
29.05999935	0.093
29.29999935	0.092
29.56999934	0.091
29.58999934	0.09
29.60999934	0.089
29.71999934	0.088
29.90999933	0.087
30.17999933	0.086
30.22999932	0.085
30.47999932	0.084
30.58999932	0.083
30.65999931	0.082
30.69999931	0.081
30.70999931	0.08
30.86999931	0.079
31.01999931	0.078
31.08999931	0.077
31.3699993	0.076
31.4799993	0.075
31.4899993	0.074
31.66999929	0.073
31.78999929	0.072
31.84999929	0.071
32.10999928	0.07
32.18999928	0.069
32.26999928	0.068
32.75999927	0.067
32.97999926	0.066
33.07999926	0.065
33.18999926	0.064
33.20999926	0.063
33.35999925	0.062
33.42999925	0.061
33.63999925	0.06
33.67999925	0.059
33.70999925	0.058
33.89999924	0.057
33.90999924	0.056
33.94999924	0.055
34.02999924	0.054
34.06999924	0.053
34.15999924	0.052
34.31999923	0.051
34.38999923	0.05
34.40999923	0.049
34.60999923	0.048
34.83999922	0.047
34.83999922	0.046
34.84999922	0.045
35.01999922	0.044
35.5999992	0.043
35.7399992	0.042
36.02999919	0.041
36.43999919	0.04
36.46999918	0.039
36.76999918	0.038
36.98999917	0.037
37.39999916	0.036
37.51999916	0.035
37.59999916	0.034
37.87999915	0.033
38.01999915	0.032
38.24999914	0.031
38.31999914	0.03
38.40999914	0.029
39.29999912	0.028
39.49999912	0.027
40.1299991	0.026
40.4399991	0.025
41.38999907	0.024
41.64999907	0.023
41.88999906	0.022
42.01999906	0.021
42.25999906	0.02
42.35999905	0.019
42.37999905	0.018
42.58999905	0.017
43.52999903	0.016
44.14999901	0.015
44.47999901	0.014
46.87999895	0.013
48.40999892	0.012
51.17999886	0.011
51.63999885	0.01
54.14999879	0.009
55.04999877	0.008
56.61999873	0.007
59.85999866	0.006
61.15999863	0.005
62.4499986	0.004
72.78999837	0.003
74.84999833	0.002
76.40999829	0.001
84.60999811	0
