0		1
0.709999984	0.999
0.839999981	0.998
0.839999981	0.997
0.849999981	0.996
0.88999998	0.995
0.88999998	0.994
0.89999998	0.993
0.89999998	0.992
0.90999998	0.991
0.929999979	0.99
0.949999979	0.989
0.949999979	0.988
0.969999978	0.987
0.979999978	0.986
0.989999978	0.985
0.999999978	0.984
1.039999977	0.983
1.039999977	0.982
1.059999976	0.981
1.069999976	0.98
1.079999976	0.979
1.079999976	0.978
1.089999976	0.977
1.089999976	0.976
1.089999976	0.975
1.099999975	0.974
1.109999975	0.973
1.119999975	0.972
1.119999975	0.971
1.129999975	0.97
1.149999974	0.969
1.149999974	0.968
1.149999974	0.967
1.159999974	0.966
1.169999974	0.965
1.179999974	0.964
1.179999974	0.963
1.179999974	0.962
1.189999973	0.961
1.189999973	0.96
1.189999973	0.959
1.199999973	0.958
1.229999972	0.957
1.229999972	0.956
1.239999972	0.955
1.239999972	0.954
1.249999972	0.953
1.249999972	0.952
1.259999972	0.951
1.269999972	0.95
1.269999972	0.949
1.269999972	0.948
1.279999971	0.947
1.279999971	0.946
1.279999971	0.945
1.299999971	0.944
1.299999971	0.943
1.309999971	0.942
1.319999971	0.941
1.32999997	0.94
1.32999997	0.939
1.32999997	0.938
1.34999997	0.937
1.34999997	0.936
1.369999969	0.935
1.369999969	0.934
1.379999969	0.933
1.399999969	0.932
1.399999969	0.931
1.399999969	0.93
1.409999969	0.929
1.419999968	0.928
1.419999968	0.927
1.439999968	0.926
1.439999968	0.925
1.439999968	0.924
1.449999968	0.923
1.449999968	0.922
1.449999968	0.921
1.449999968	0.92
1.449999968	0.919
1.459999967	0.918
1.479999967	0.917
1.479999967	0.916
1.479999967	0.915
1.489999967	0.914
1.489999967	0.913
1.499999966	0.912
1.499999966	0.911
1.509999966	0.91
1.519999966	0.909
1.519999966	0.908
1.519999966	0.907
1.539999966	0.906
1.549999965	0.905
1.549999965	0.904
1.559999965	0.903
1.559999965	0.902
1.569999965	0.901
1.569999965	0.9
1.579999965	0.899
1.579999965	0.898
1.579999965	0.897
1.599999964	0.896
1.609999964	0.895
1.609999964	0.894
1.609999964	0.893
1.609999964	0.892
1.609999964	0.891
1.609999964	0.89
1.619999964	0.889
1.629999964	0.888
1.629999964	0.887
1.639999963	0.886
1.659999963	0.885
1.659999963	0.884
1.669999963	0.883
1.669999963	0.882
1.679999962	0.881
1.689999962	0.88
1.689999962	0.879
1.709999962	0.878
1.719999962	0.877
1.719999962	0.876
1.729999961	0.875
1.749999961	0.874
1.749999961	0.873
1.749999961	0.872
1.759999961	0.871
1.76999996	0.87
1.77999996	0.869
1.79999996	0.868
1.80999996	0.867
1.80999996	0.866
1.819999959	0.865
1.819999959	0.864
1.839999959	0.863
1.839999959	0.862
1.849999959	0.861
1.899999957	0.86
1.929999957	0.859
1.929999957	0.858
1.929999957	0.857
1.939999957	0.856
1.949999956	0.855
1.959999956	0.854
1.969999956	0.853
1.969999956	0.852
1.979999956	0.851
1.979999956	0.85
1.979999956	0.849
1.979999956	0.848
1.979999956	0.847
1.989999956	0.846
1.989999956	0.845
1.989999956	0.844
1.999999955	0.843
1.999999955	0.842
2.009999955	0.841
2.019999955	0.84
2.019999955	0.839
2.029999955	0.838
2.049999954	0.837
2.059999954	0.836
2.079999954	0.835
2.089999953	0.834
2.099999953	0.833
2.099999953	0.832
2.099999953	0.831
2.129999952	0.83
2.139999952	0.829
2.149999952	0.828
2.159999952	0.827
2.169999951	0.826
2.179999951	0.825
2.209999951	0.824
2.21999995	0.823
2.21999995	0.822
2.21999995	0.821
2.22999995	0.82
2.23999995	0.819
2.23999995	0.818
2.24999995	0.817
2.25999995	0.816
2.25999995	0.815
2.25999995	0.814
2.279999949	0.813
2.279999949	0.812
2.289999949	0.811
2.289999949	0.81
2.299999949	0.809
2.299999949	0.808
2.299999949	0.807
2.309999948	0.806
2.319999948	0.805
2.319999948	0.804
2.319999948	0.803
2.329999948	0.802
2.339999948	0.801
2.339999948	0.8
2.349999948	0.799
2.349999948	0.798
2.349999948	0.797
2.359999947	0.796
2.359999947	0.795
2.369999947	0.794
2.369999947	0.793
2.369999947	0.792
2.369999947	0.791
2.389999947	0.79
2.399999946	0.789
2.409999946	0.788
2.429999946	0.787
2.439999945	0.786
2.459999945	0.785
2.469999945	0.784
2.479999945	0.783
2.479999945	0.782
2.479999945	0.781
2.479999945	0.78
2.489999944	0.779
2.489999944	0.778
2.489999944	0.777
2.499999944	0.776
2.499999944	0.775
2.519999944	0.774
2.539999943	0.773
2.539999943	0.772
2.559999943	0.771
2.599999942	0.77
2.609999942	0.769
2.619999941	0.768
2.649999941	0.767
2.649999941	0.766
2.66999994	0.765
2.68999994	0.764
2.729999939	0.763
2.739999939	0.762
2.749999938	0.761
2.759999938	0.76
2.769999938	0.759
2.769999938	0.758
2.789999938	0.757
2.809999937	0.756
2.819999937	0.755
2.819999937	0.754
2.819999937	0.753
2.829999937	0.752
2.849999936	0.751
2.859999936	0.75
2.869999936	0.749
2.869999936	0.748
2.889999935	0.747
2.889999935	0.746
2.889999935	0.745
2.889999935	0.744
2.899999935	0.743
2.909999935	0.742
2.919999935	0.741
2.929999935	0.74
2.959999934	0.739
2.959999934	0.738
2.969999934	0.737
2.969999934	0.736
2.969999934	0.735
2.979999933	0.734
2.989999933	0.733
2.989999933	0.732
2.989999933	0.731
2.999999933	0.73
2.999999933	0.729
3.009999933	0.728
3.009999933	0.727
3.009999933	0.726
3.019999933	0.725
3.029999932	0.724
3.039999932	0.723
3.079999931	0.722
3.079999931	0.721
3.089999931	0.72
3.089999931	0.719
3.099999931	0.718
3.10999993	0.717
3.11999993	0.716
3.13999993	0.715
3.169999929	0.714
3.199999929	0.713
3.199999929	0.712
3.199999929	0.711
3.269999927	0.71
3.289999927	0.709
3.309999926	0.708
3.329999926	0.707
3.339999925	0.706
3.339999925	0.705
3.359999925	0.704
3.369999925	0.703
3.369999925	0.702
3.379999924	0.701
3.389999924	0.7
3.399999924	0.699
3.409999924	0.698
3.409999924	0.697
3.419999924	0.696
3.449999923	0.695
3.459999923	0.694
3.469999922	0.693
3.469999922	0.692
3.489999922	0.691
3.499999922	0.69
3.509999922	0.689
3.529999921	0.688
3.529999921	0.687
3.529999921	0.686
3.55999992	0.685
3.56999992	0.684
3.57999992	0.683
3.57999992	0.682
3.59999992	0.681
3.59999992	0.68
3.619999919	0.679
3.649999918	0.678
3.679999918	0.677
3.679999918	0.676
3.739999916	0.675
3.749999916	0.674
3.799999915	0.673
3.859999914	0.672
3.859999914	0.671
3.879999913	0.67
3.909999913	0.669
3.969999911	0.668
4.01999991	0.667
4.01999991	0.666
4.03999991	0.665
4.04999991	0.664
4.069999909	0.663
4.079999909	0.662
4.099999908	0.661
4.149999907	0.66
4.179999907	0.659
4.189999906	0.658
4.199999906	0.657
4.219999906	0.656
4.229999905	0.655
4.229999905	0.654
4.239999905	0.653
4.249999905	0.652
4.259999905	0.651
4.259999905	0.65
4.259999905	0.649
4.279999904	0.648
4.339999903	0.647
4.339999903	0.646
4.389999902	0.645
4.399999902	0.644
4.399999902	0.643
4.419999901	0.642
4.4699999	0.641
4.4799999	0.64
4.4799999	0.639
4.499999899	0.638
4.499999899	0.637
4.499999899	0.636
4.519999899	0.635
4.539999898	0.634
4.589999897	0.633
4.589999897	0.632
4.619999897	0.631
4.619999897	0.63
4.629999897	0.629
4.669999896	0.628
4.679999895	0.627
4.699999895	0.626
4.739999894	0.625
4.739999894	0.624
4.769999893	0.623
4.789999893	0.622
4.799999893	0.621
4.809999892	0.62
4.829999892	0.619
4.839999892	0.618
4.839999892	0.617
4.869999891	0.616
4.889999891	0.615
4.92999989	0.614
4.93999989	0.613
4.949999889	0.612
4.959999889	0.611
5.019999888	0.61
5.029999888	0.609
5.029999888	0.608
5.119999886	0.607
5.139999885	0.606
5.149999885	0.605
5.189999884	0.604
5.189999884	0.603
5.189999884	0.602
5.189999884	0.601
5.229999883	0.6
5.229999883	0.599
5.269999882	0.598
5.329999881	0.597
5.339999881	0.596
5.38999988	0.595
5.399999879	0.594
5.439999878	0.593
5.439999878	0.592
5.519999877	0.591
5.589999875	0.59
5.599999875	0.589
5.599999875	0.588
5.609999875	0.587
5.629999874	0.586
5.629999874	0.585
5.629999874	0.584
5.629999874	0.583
5.659999874	0.582
5.679999873	0.581
5.729999872	0.58
5.749999872	0.579
5.82999987	0.578
5.879999869	0.577
5.889999868	0.576
5.899999868	0.575
5.909999868	0.574
5.909999868	0.573
5.919999868	0.572
5.939999867	0.571
5.969999867	0.57
5.969999867	0.569
5.999999866	0.568
6.039999865	0.567
6.059999864	0.566
6.069999864	0.565
6.109999863	0.564
6.139999863	0.563
6.209999861	0.562
6.219999861	0.561
6.26999986	0.56
6.299999859	0.559
6.339999858	0.558
6.339999858	0.557
6.359999858	0.556
6.369999858	0.555
6.379999857	0.554
6.439999856	0.553
6.439999856	0.552
6.449999856	0.551
6.529999854	0.55
6.569999853	0.549
6.569999853	0.548
6.589999853	0.547
6.599999852	0.546
6.599999852	0.545
6.619999852	0.544
6.69999985	0.543
6.69999985	0.542
6.739999849	0.541
6.769999849	0.54
6.899999846	0.539
6.979999844	0.538
7.019999843	0.537
7.029999843	0.536
7.069999842	0.535
7.079999842	0.534
7.129999841	0.533
7.129999841	0.532
7.14999984	0.531
7.179999839	0.53
7.199999839	0.529
7.209999839	0.528
7.249999838	0.527
7.289999837	0.526
7.349999836	0.525
7.399999835	0.524
7.399999835	0.523
7.409999834	0.522
7.489999833	0.521
7.60999983	0.52
7.709999828	0.519
7.799999826	0.518
7.799999826	0.517
7.809999825	0.516
7.819999825	0.515
7.829999825	0.514
7.839999825	0.513
7.889999824	0.512
7.919999823	0.511
7.979999822	0.51
8.009999821	0.509
8.029999821	0.508
8.029999821	0.507
8.079999819	0.506
8.139999818	0.505
8.149999818	0.504
8.159999818	0.503
8.229999816	0.502
8.259999815	0.501
8.259999815	0.5
8.379999813	0.499
8.389999812	0.498
8.449999811	0.497
8.479999811	0.496
8.48999981	0.495
8.48999981	0.494
8.50999981	0.493
8.51999981	0.492
8.629999807	0.491
8.739999805	0.49
8.749999804	0.489
8.879999802	0.488
8.9399998	0.487
8.9599998	0.486
8.979999799	0.485
9.029999798	0.484
9.049999798	0.483
9.059999797	0.482
9.079999797	0.481
9.109999796	0.48
9.109999796	0.479
9.139999796	0.478
9.229999794	0.477
9.259999793	0.476
9.38999979	0.475
9.39999979	0.474
9.439999789	0.473
9.449999789	0.472
9.519999787	0.471
9.539999787	0.47
9.579999786	0.469
9.619999785	0.468
9.649999784	0.467
9.679999784	0.466
9.709999783	0.465
9.759999782	0.464
9.759999782	0.463
9.769999782	0.462
9.779999781	0.461
9.779999781	0.46
9.789999781	0.459
9.799999781	0.458
9.85999978	0.457
9.869999779	0.456
9.869999779	0.455
9.899999779	0.454
9.929999778	0.453
9.939999778	0.452
9.939999778	0.451
9.939999778	0.45
9.969999777	0.449
9.979999777	0.448
10.00999978	0.447
10.01999978	0.446
10.10999977	0.445
10.10999977	0.444
10.15999977	0.443
10.16999977	0.442
10.19999977	0.441
10.19999977	0.44
10.19999977	0.439
10.24999977	0.438
10.28999977	0.437
10.32999977	0.436
10.33999977	0.435
10.41999977	0.434
10.44999977	0.433
10.44999977	0.432
10.54999976	0.431
10.55999976	0.43
10.80999976	0.429
10.88999976	0.428
10.88999976	0.427
10.93999976	0.426
10.93999976	0.425
10.93999976	0.424
11.04999975	0.423
11.05999975	0.422
11.16999975	0.421
11.17999975	0.42
11.21999975	0.419
11.22999975	0.418
11.23999975	0.417
11.27999975	0.416
11.33999975	0.415
11.36999975	0.414
11.42999974	0.413
11.55999974	0.412
11.58999974	0.411
11.60999974	0.41
11.62999974	0.409
11.69999974	0.408
11.71999974	0.407
11.74999974	0.406
11.74999974	0.405
11.76999974	0.404
11.78999974	0.403
11.99999973	0.402
12.10999973	0.401
12.13999973	0.4
12.13999973	0.399
12.15999973	0.398
12.19999973	0.397
12.23999973	0.396
12.29999973	0.395
12.32999972	0.394
12.32999972	0.393
12.32999972	0.392
12.36999972	0.391
12.49999972	0.39
12.58999972	0.389
12.62999972	0.388
12.63999972	0.387
12.63999972	0.386
12.65999972	0.385
12.74999972	0.384
12.76999971	0.383
12.83999971	0.382
12.85999971	0.381
12.91999971	0.38
13.00999971	0.379
13.02999971	0.378
13.12999971	0.377
13.15999971	0.376
13.15999971	0.375
13.16999971	0.374
13.17999971	0.373
13.2099997	0.372
13.2399997	0.371
13.2699997	0.37
13.3199997	0.369
13.3999997	0.368
13.4499997	0.367
13.4699997	0.366
13.4799997	0.365
13.5699997	0.364
13.5899997	0.363
13.71999969	0.362
13.72999969	0.361
13.78999969	0.36
13.82999969	0.359
13.84999969	0.358
13.89999969	0.357
13.93999969	0.356
13.96999969	0.355
13.97999969	0.354
13.99999969	0.353
14.02999969	0.352
14.08999969	0.351
14.18999968	0.35
14.18999968	0.349
14.19999968	0.348
14.28999968	0.347
14.29999968	0.346
14.36999968	0.345
14.45999968	0.344
14.47999968	0.343
14.50999968	0.342
14.52999968	0.341
14.55999967	0.34
14.58999967	0.339
14.60999967	0.338
14.60999967	0.337
14.62999967	0.336
14.67999967	0.335
14.67999967	0.334
14.70999967	0.333
14.71999967	0.332
14.72999967	0.331
14.74999967	0.33
14.78999967	0.329
14.88999967	0.328
14.88999967	0.327
14.90999967	0.326
14.94999967	0.325
14.95999967	0.324
15.01999966	0.323
15.02999966	0.322
15.09999966	0.321
15.15999966	0.32
15.19999966	0.319
15.23999966	0.318
15.32999966	0.317
15.34999966	0.316
15.35999966	0.315
15.54999965	0.314
15.59999965	0.313
15.61999965	0.312
15.68999965	0.311
15.75999965	0.31
15.88999964	0.309
15.91999964	0.308
15.92999964	0.307
15.98999964	0.306
16.12999964	0.305
16.23999964	0.304
16.36999963	0.303
16.57999963	0.302
16.60999963	0.301
16.61999963	0.3
16.62999963	0.299
16.66999963	0.298
16.68999963	0.297
16.69999963	0.296
16.73999963	0.295
16.81999962	0.294
16.91999962	0.293
16.93999962	0.292
16.97999962	0.291
16.98999962	0.29
16.98999962	0.289
17.12999962	0.288
17.15999962	0.287
17.17999962	0.286
17.19999962	0.285
17.30999961	0.284
17.43999961	0.283
17.44999961	0.282
17.48999961	0.281
17.51999961	0.28
17.64999961	0.279
17.7099996	0.278
17.7599996	0.277
17.8499996	0.276
17.9099996	0.275
17.9499996	0.274
17.9499996	0.273
17.9899996	0.272
18.13999959	0.271
18.19999959	0.27
18.23999959	0.269
18.28999959	0.268
18.28999959	0.267
18.29999959	0.266
18.32999959	0.265
18.52999959	0.264
18.54999959	0.263
18.60999958	0.262
18.64999958	0.261
18.64999958	0.26
18.70999958	0.259
18.77999958	0.258
18.82999958	0.257
18.97999958	0.256
19.27999957	0.255
19.34999957	0.254
19.34999957	0.253
19.47999956	0.252
19.57999956	0.251
19.59999956	0.25
19.75999956	0.249
19.76999956	0.248
19.76999956	0.247
19.78999956	0.246
19.82999956	0.245
19.86999956	0.244
19.95999955	0.243
19.96999955	0.242
20.04999955	0.241
20.06999955	0.24
20.08999955	0.239
20.13999955	0.238
20.16999955	0.237
20.18999955	0.236
20.18999955	0.235
20.19999955	0.234
20.29999955	0.233
20.31999955	0.232
20.33999955	0.231
20.37999954	0.23
20.46999954	0.229
20.64999954	0.228
20.65999954	0.227
20.78999954	0.226
20.86999953	0.225
21.03999953	0.224
21.05999953	0.223
21.13999953	0.222
21.25999952	0.221
21.37999952	0.22
21.41999952	0.219
21.48999952	0.218
21.49999952	0.217
21.50999952	0.216
21.59999952	0.215
21.87999951	0.214
21.91999951	0.213
21.94999951	0.212
22.07999951	0.211
22.2299995	0.21
22.3299995	0.209
22.4299995	0.208
22.4999995	0.207
22.5899995	0.206
22.70999949	0.205
22.86999949	0.204
23.02999949	0.203
23.13999948	0.202
23.29999948	0.201
23.31999948	0.2
23.38999948	0.199
23.53999947	0.198
23.62999947	0.197
23.70999947	0.196
23.70999947	0.195
23.89999947	0.194
23.92999947	0.193
24.01999946	0.192
24.01999946	0.191
24.16999946	0.19
24.23999946	0.189
24.26999946	0.188
24.27999946	0.187
24.31999946	0.186
24.32999946	0.185
24.50999945	0.184
24.51999945	0.183
24.57999945	0.182
24.68999945	0.181
24.76999945	0.18
24.78999945	0.179
24.85999944	0.178
24.86999944	0.177
24.92999944	0.176
24.93999944	0.175
24.98999944	0.174
25.07999944	0.173
25.14999944	0.172
25.32999943	0.171
25.69999943	0.17
25.74999942	0.169
25.77999942	0.168
25.79999942	0.167
25.83999942	0.166
25.92999942	0.165
25.97999942	0.164
26.06999942	0.163
26.08999942	0.162
26.12999942	0.161
26.34999941	0.16
26.35999941	0.159
26.53999941	0.158
26.55999941	0.157
26.60999941	0.156
26.7899994	0.155
26.7999994	0.154
26.8099994	0.153
26.8299994	0.152
26.8399994	0.151
26.8599994	0.15
26.8899994	0.149
26.8999994	0.148
26.9299994	0.147
26.9599994	0.146
27.11999939	0.145
27.12999939	0.144
27.28999939	0.143
27.42999939	0.142
27.48999939	0.141
27.66999938	0.14
27.66999938	0.139
27.75999938	0.138
27.76999938	0.137
27.80999938	0.136
27.84999938	0.135
27.88999938	0.134
28.02999937	0.133
28.05999937	0.132
28.06999937	0.131
28.10999937	0.13
28.19999937	0.129
28.56999936	0.128
28.79999936	0.127
28.82999936	0.126
28.89999935	0.125
28.91999935	0.124
29.11999935	0.123
29.15999935	0.122
29.39999934	0.121
29.44999934	0.12
29.48999934	0.119
29.49999934	0.118
29.50999934	0.117
29.50999934	0.116
29.55999934	0.115
29.56999934	0.114
29.65999934	0.113
29.72999934	0.112
29.75999933	0.111
30.16999933	0.11
30.19999933	0.109
30.29999932	0.108
30.30999932	0.107
30.32999932	0.106
30.33999932	0.105
30.36999932	0.104
30.37999932	0.103
30.78999931	0.102
30.82999931	0.101
30.84999931	0.1
31.01999931	0.099
31.04999931	0.098
31.05999931	0.097
31.07999931	0.096
31.1299993	0.095
31.1499993	0.094
31.2199993	0.093
31.4799993	0.092
31.77999929	0.091
31.84999929	0.09
31.93999929	0.089
32.03999928	0.088
32.11999928	0.087
32.30999928	0.086
32.32999928	0.085
32.42999928	0.084
32.59999927	0.083
32.60999927	0.082
32.63999927	0.081
32.79999927	0.08
32.99999926	0.079
33.02999926	0.078
33.15999926	0.077
33.32999925	0.076
33.33999925	0.075
33.44999925	0.074
33.76999925	0.073
33.97999924	0.072
34.24999923	0.071
34.27999923	0.07
34.60999923	0.069
34.70999922	0.068
34.80999922	0.067
34.88999922	0.066
34.98999922	0.065
35.10999922	0.064
35.16999921	0.063
35.6599992	0.062
35.9599992	0.061
36.20999919	0.06
36.24999919	0.059
36.32999919	0.058
36.39999919	0.057
36.43999919	0.056
37.18999917	0.055
37.29999917	0.054
37.65999916	0.053
37.72999916	0.052
37.88999915	0.051
37.95999915	0.05
38.01999915	0.049
38.57999914	0.048
38.86999913	0.047
38.91999913	0.046
39.02999913	0.045
39.74999911	0.044
39.78999911	0.043
40.2799991	0.042
40.3899991	0.041
40.4799991	0.04
40.4899991	0.039
40.62999909	0.038
40.66999909	0.037
40.68999909	0.036
40.87999909	0.035
41.06999908	0.034
41.71999907	0.033
42.18999906	0.032
42.41999905	0.031
42.42999905	0.03
42.52999905	0.029
42.95999904	0.028
43.42999903	0.027
44.02999902	0.026
44.859999	0.025
44.859999	0.024
45.16999899	0.023
45.32999899	0.022
45.59999898	0.021
45.64999898	0.02
46.05999897	0.019
46.18999897	0.018
46.78999895	0.017
46.96999895	0.016
47.49999894	0.015
48.03999893	0.014
50.83999886	0.013
51.14999886	0.012
55.31999876	0.011
55.57999876	0.01
56.35999874	0.009
56.94999873	0.008
58.70999869	0.007
59.97999866	0.006
63.52999858	0.005
64.14999857	0.004
68.05999848	0.003
68.16999848	0.002
76.1399983	0.001
86.74999806	0
