0		1
0.599999987	0.999
0.739999983	0.998
0.809999982	0.997
0.819999982	0.996
0.829999981	0.995
0.839999981	0.994
0.869999981	0.993
0.87999998	0.992
0.88999998	0.991
0.929999979	0.99
0.949999979	0.989
0.959999978	0.988
0.979999978	0.987
0.999999978	0.986
1.009999977	0.985
1.019999977	0.984
1.029999977	0.983
1.049999977	0.982
1.069999976	0.981
1.069999976	0.98
1.079999976	0.979
1.079999976	0.978
1.079999976	0.977
1.089999976	0.976
1.089999976	0.975
1.099999975	0.974
1.109999975	0.973
1.139999975	0.972
1.139999975	0.971
1.159999974	0.97
1.169999974	0.969
1.169999974	0.968
1.169999974	0.967
1.189999973	0.966
1.189999973	0.965
1.189999973	0.964
1.199999973	0.963
1.199999973	0.962
1.199999973	0.961
1.219999973	0.96
1.239999972	0.959
1.239999972	0.958
1.249999972	0.957
1.249999972	0.956
1.249999972	0.955
1.259999972	0.954
1.259999972	0.953
1.269999972	0.952
1.269999972	0.951
1.279999971	0.95
1.289999971	0.949
1.289999971	0.948
1.289999971	0.947
1.289999971	0.946
1.299999971	0.945
1.309999971	0.944
1.309999971	0.943
1.32999997	0.942
1.32999997	0.941
1.33999997	0.94
1.35999997	0.939
1.35999997	0.938
1.35999997	0.937
1.35999997	0.936
1.369999969	0.935
1.369999969	0.934
1.369999969	0.933
1.379999969	0.932
1.379999969	0.931
1.389999969	0.93
1.389999969	0.929
1.399999969	0.928
1.399999969	0.927
1.399999969	0.926
1.399999969	0.925
1.399999969	0.924
1.409999969	0.923
1.409999969	0.922
1.429999968	0.921
1.439999968	0.92
1.439999968	0.919
1.439999968	0.918
1.449999968	0.917
1.449999968	0.916
1.449999968	0.915
1.449999968	0.914
1.449999968	0.913
1.459999967	0.912
1.459999967	0.911
1.459999967	0.91
1.469999967	0.909
1.469999967	0.908
1.469999967	0.907
1.469999967	0.906
1.469999967	0.905
1.479999967	0.904
1.479999967	0.903
1.479999967	0.902
1.479999967	0.901
1.489999967	0.9
1.489999967	0.899
1.499999966	0.898
1.509999966	0.897
1.519999966	0.896
1.519999966	0.895
1.529999966	0.894
1.529999966	0.893
1.539999966	0.892
1.559999965	0.891
1.559999965	0.89
1.559999965	0.889
1.569999965	0.888
1.569999965	0.887
1.579999965	0.886
1.579999965	0.885
1.579999965	0.884
1.589999965	0.883
1.599999964	0.882
1.609999964	0.881
1.609999964	0.88
1.629999964	0.879
1.649999963	0.878
1.649999963	0.877
1.659999963	0.876
1.659999963	0.875
1.669999963	0.874
1.679999962	0.873
1.679999962	0.872
1.679999962	0.871
1.679999962	0.87
1.679999962	0.869
1.679999962	0.868
1.689999962	0.867
1.699999962	0.866
1.699999962	0.865
1.699999962	0.864
1.699999962	0.863
1.709999962	0.862
1.709999962	0.861
1.719999962	0.86
1.729999961	0.859
1.729999961	0.858
1.729999961	0.857
1.729999961	0.856
1.729999961	0.855
1.739999961	0.854
1.739999961	0.853
1.749999961	0.852
1.749999961	0.851
1.749999961	0.85
1.759999961	0.849
1.759999961	0.848
1.76999996	0.847
1.76999996	0.846
1.78999996	0.845
1.79999996	0.844
1.79999996	0.843
1.79999996	0.842
1.79999996	0.841
1.80999996	0.84
1.80999996	0.839
1.819999959	0.838
1.829999959	0.837
1.829999959	0.836
1.829999959	0.835
1.829999959	0.834
1.829999959	0.833
1.849999959	0.832
1.859999958	0.831
1.859999958	0.83
1.859999958	0.829
1.869999958	0.828
1.879999958	0.827
1.879999958	0.826
1.889999958	0.825
1.889999958	0.824
1.889999958	0.823
1.889999958	0.822
1.899999957	0.821
1.899999957	0.82
1.899999957	0.819
1.909999957	0.818
1.909999957	0.817
1.909999957	0.816
1.909999957	0.815
1.919999957	0.814
1.919999957	0.813
1.919999957	0.812
1.939999957	0.811
1.949999956	0.81
1.949999956	0.809
1.959999956	0.808
1.959999956	0.807
1.969999956	0.806
1.979999956	0.805
1.989999956	0.804
2.009999955	0.803
2.029999955	0.802
2.029999955	0.801
2.039999954	0.8
2.039999954	0.799
2.059999954	0.798
2.089999953	0.797
2.099999953	0.796
2.109999953	0.795
2.109999953	0.794
2.119999953	0.793
2.119999953	0.792
2.129999952	0.791
2.129999952	0.79
2.139999952	0.789
2.149999952	0.788
2.149999952	0.787
2.159999952	0.786
2.159999952	0.785
2.159999952	0.784
2.169999951	0.783
2.169999951	0.782
2.179999951	0.781
2.179999951	0.78
2.179999951	0.779
2.189999951	0.778
2.189999951	0.777
2.199999951	0.776
2.199999951	0.775
2.22999995	0.774
2.23999995	0.773
2.23999995	0.772
2.23999995	0.771
2.24999995	0.77
2.25999995	0.769
2.25999995	0.768
2.269999949	0.767
2.279999949	0.766
2.279999949	0.765
2.289999949	0.764
2.289999949	0.763
2.299999949	0.762
2.309999948	0.761
2.309999948	0.76
2.319999948	0.759
2.339999948	0.758
2.359999947	0.757
2.399999946	0.756
2.409999946	0.755
2.419999946	0.754
2.419999946	0.753
2.429999946	0.752
2.429999946	0.751
2.429999946	0.75
2.439999945	0.749
2.479999945	0.748
2.489999944	0.747
2.489999944	0.746
2.489999944	0.745
2.509999944	0.744
2.509999944	0.743
2.519999944	0.742
2.519999944	0.741
2.519999944	0.74
2.539999943	0.739
2.549999943	0.738
2.549999943	0.737
2.549999943	0.736
2.559999943	0.735
2.569999943	0.734
2.569999943	0.733
2.589999942	0.732
2.599999942	0.731
2.609999942	0.73
2.609999942	0.729
2.609999942	0.728
2.609999942	0.727
2.629999941	0.726
2.639999941	0.725
2.649999941	0.724
2.649999941	0.723
2.649999941	0.722
2.659999941	0.721
2.659999941	0.72
2.66999994	0.719
2.67999994	0.718
2.67999994	0.717
2.67999994	0.716
2.68999994	0.715
2.69999994	0.714
2.709999939	0.713
2.709999939	0.712
2.719999939	0.711
2.729999939	0.71
2.729999939	0.709
2.739999939	0.708
2.769999938	0.707
2.769999938	0.706
2.789999938	0.705
2.799999937	0.704
2.809999937	0.703
2.809999937	0.702
2.819999937	0.701
2.819999937	0.7
2.829999937	0.699
2.829999937	0.698
2.829999937	0.697
2.839999936	0.696
2.839999936	0.695
2.849999936	0.694
2.849999936	0.693
2.879999936	0.692
2.889999935	0.691
2.899999935	0.69
2.899999935	0.689
2.929999935	0.688
2.929999935	0.687
2.929999935	0.686
2.939999934	0.685
2.989999933	0.684
3.009999933	0.683
3.009999933	0.682
3.029999932	0.681
3.039999932	0.68
3.049999932	0.679
3.049999932	0.678
3.069999931	0.677
3.079999931	0.676
3.099999931	0.675
3.13999993	0.674
3.14999993	0.673
3.179999929	0.672
3.179999929	0.671
3.189999929	0.67
3.209999928	0.669
3.219999928	0.668
3.249999927	0.667
3.249999927	0.666
3.269999927	0.665
3.279999927	0.664
3.289999927	0.663
3.299999926	0.662
3.299999926	0.661
3.299999926	0.66
3.329999926	0.659
3.349999925	0.658
3.389999924	0.657
3.389999924	0.656
3.439999923	0.655
3.459999923	0.654
3.459999923	0.653
3.469999922	0.652
3.489999922	0.651
3.509999922	0.65
3.529999921	0.649
3.529999921	0.648
3.55999992	0.647
3.55999992	0.646
3.619999919	0.645
3.639999919	0.644
3.639999919	0.643
3.649999918	0.642
3.649999918	0.641
3.689999917	0.64
3.689999917	0.639
3.769999916	0.638
3.769999916	0.637
3.809999915	0.636
3.809999915	0.635
3.819999915	0.634
3.819999915	0.633
3.829999914	0.632
3.849999914	0.631
3.879999913	0.63
3.929999912	0.629
3.929999912	0.628
3.979999911	0.627
3.979999911	0.626
3.989999911	0.625
3.989999911	0.624
4.03999991	0.623
4.069999909	0.622
4.069999909	0.621
4.079999909	0.62
4.079999909	0.619
4.129999908	0.618
4.149999907	0.617
4.169999907	0.616
4.179999907	0.615
4.189999906	0.614
4.199999906	0.613
4.219999906	0.612
4.229999905	0.611
4.229999905	0.61
4.269999905	0.609
4.269999905	0.608
4.269999905	0.607
4.329999903	0.606
4.399999902	0.605
4.429999901	0.604
4.4599999	0.603
4.509999899	0.602
4.509999899	0.601
4.539999898	0.6
4.549999898	0.599
4.569999898	0.598
4.589999897	0.597
4.629999897	0.596
4.629999897	0.595
4.639999896	0.594
4.669999896	0.593
4.699999895	0.592
4.709999895	0.591
4.719999894	0.59
4.719999894	0.589
4.729999894	0.588
4.749999894	0.587
4.819999892	0.586
4.829999892	0.585
4.879999891	0.584
4.879999891	0.583
4.90999989	0.582
4.90999989	0.581
4.92999989	0.58
4.949999889	0.579
4.999999888	0.578
4.999999888	0.577
5.029999888	0.576
5.029999888	0.575
5.099999886	0.574
5.099999886	0.573
5.119999886	0.572
5.139999885	0.571
5.149999885	0.57
5.159999885	0.569
5.179999884	0.568
5.229999883	0.567
5.259999882	0.566
5.289999882	0.565
5.329999881	0.564
5.37999988	0.563
5.459999878	0.562
5.509999877	0.561
5.549999876	0.56
5.549999876	0.559
5.559999876	0.558
5.559999876	0.557
5.569999875	0.556
5.569999875	0.555
5.659999874	0.554
5.669999873	0.553
5.679999873	0.552
5.709999872	0.551
5.709999872	0.55
5.719999872	0.549
5.719999872	0.548
5.739999872	0.547
5.769999871	0.546
5.80999987	0.545
5.839999869	0.544
5.879999869	0.543
5.919999868	0.542
5.919999868	0.541
5.929999868	0.54
5.939999867	0.539
5.939999867	0.538
5.949999867	0.537
5.959999867	0.536
6.039999865	0.535
6.059999864	0.534
6.119999863	0.533
6.119999863	0.532
6.139999863	0.531
6.179999862	0.53
6.199999861	0.529
6.239999861	0.528
6.289999859	0.527
6.289999859	0.526
6.299999859	0.525
6.309999859	0.524
6.399999857	0.523
6.419999856	0.522
6.449999856	0.521
6.499999855	0.52
6.549999854	0.519
6.629999852	0.518
6.669999851	0.517
6.68999985	0.516
6.70999985	0.515
6.739999849	0.514
6.849999847	0.513
6.899999846	0.512
6.899999846	0.511
6.909999845	0.51
6.909999845	0.509
6.919999845	0.508
6.939999845	0.507
6.969999844	0.506
6.999999844	0.505
7.069999842	0.504
7.069999842	0.503
7.099999841	0.502
7.109999841	0.501
7.219999839	0.5
7.229999838	0.499
7.269999838	0.498
7.279999837	0.497
7.289999837	0.496
7.299999837	0.495
7.309999837	0.494
7.329999836	0.493
7.349999836	0.492
7.359999836	0.491
7.419999834	0.49
7.419999834	0.489
7.469999833	0.488
7.519999832	0.487
7.61999983	0.486
7.639999829	0.485
7.669999829	0.484
7.889999824	0.483
7.909999823	0.482
7.909999823	0.481
7.919999823	0.48
7.929999823	0.479
7.929999823	0.478
7.949999822	0.477
8.05999982	0.476
8.129999818	0.475
8.219999816	0.474
8.239999816	0.473
8.249999816	0.472
8.299999814	0.471
8.299999814	0.47
8.329999814	0.469
8.329999814	0.468
8.329999814	0.467
8.369999813	0.466
8.419999812	0.465
8.449999811	0.464
8.459999811	0.463
8.529999809	0.462
8.539999809	0.461
8.619999807	0.46
8.629999807	0.459
8.669999806	0.458
8.679999806	0.457
8.759999804	0.456
8.789999804	0.455
8.809999803	0.454
8.819999803	0.453
8.849999802	0.452
8.889999801	0.451
8.9599998	0.45
9.019999798	0.449
9.059999797	0.448
9.289999792	0.447
9.329999792	0.446
9.37999979	0.445
9.40999979	0.444
9.439999789	0.443
9.539999787	0.442
9.559999786	0.441
9.639999785	0.44
9.649999784	0.439
9.669999784	0.438
9.759999782	0.437
9.789999781	0.436
9.81999978	0.435
9.879999779	0.434
9.919999778	0.433
9.949999778	0.432
9.979999777	0.431
9.989999777	0.43
9.989999777	0.429
10.10999977	0.428
10.12999977	0.427
10.15999977	0.426
10.22999977	0.425
10.23999977	0.424
10.30999977	0.423
10.43999977	0.422
10.48999977	0.421
10.50999977	0.42
10.62999976	0.419
10.65999976	0.418
10.77999976	0.417
10.79999976	0.416
10.85999976	0.415
10.87999976	0.414
10.90999976	0.413
10.92999976	0.412
10.93999976	0.411
10.99999975	0.41
11.02999975	0.409
11.03999975	0.408
11.07999975	0.407
11.11999975	0.406
11.12999975	0.405
11.17999975	0.404
11.17999975	0.403
11.27999975	0.402
11.28999975	0.401
11.29999975	0.4
11.40999975	0.399
11.65999974	0.398
11.67999974	0.397
11.71999974	0.396
11.83999974	0.395
11.84999974	0.394
11.93999973	0.393
11.95999973	0.392
12.01999973	0.391
12.03999973	0.39
12.06999973	0.389
12.20999973	0.388
12.25999973	0.387
12.27999973	0.386
12.33999972	0.385
12.50999972	0.384
12.52999972	0.383
12.59999972	0.382
12.61999972	0.381
12.63999972	0.38
12.65999972	0.379
12.77999971	0.378
12.80999971	0.377
12.84999971	0.376
12.85999971	0.375
12.85999971	0.374
12.88999971	0.373
12.90999971	0.372
12.92999971	0.371
12.92999971	0.37
12.93999971	0.369
12.94999971	0.368
12.97999971	0.367
13.03999971	0.366
13.05999971	0.365
13.13999971	0.364
13.18999971	0.363
13.2299997	0.362
13.3399997	0.361
13.3899997	0.36
13.4499997	0.359
13.4499997	0.358
13.5099997	0.357
13.5999997	0.356
13.6199997	0.355
13.6399997	0.354
13.70999969	0.353
13.87999969	0.352
13.87999969	0.351
13.91999969	0.35
14.00999969	0.349
14.09999968	0.348
14.10999968	0.347
14.15999968	0.346
14.25999968	0.345
14.30999968	0.344
14.36999968	0.343
14.40999968	0.342
14.44999968	0.341
14.46999968	0.34
14.48999968	0.339
14.55999967	0.338
14.59999967	0.337
14.61999967	0.336
14.72999967	0.335
14.74999967	0.334
14.76999967	0.333
14.76999967	0.332
14.97999967	0.331
14.99999966	0.33
15.09999966	0.329
15.15999966	0.328
15.26999966	0.327
15.27999966	0.326
15.29999966	0.325
15.31999966	0.324
15.33999966	0.323
15.34999966	0.322
15.35999966	0.321
15.39999966	0.32
15.42999966	0.319
15.45999965	0.318
15.45999965	0.317
15.45999965	0.316
15.48999965	0.315
15.51999965	0.314
15.64999965	0.313
15.67999965	0.312
15.68999965	0.311
15.74999965	0.31
15.77999965	0.309
15.82999965	0.308
15.89999964	0.307
15.90999964	0.306
15.96999964	0.305
16.00999964	0.304
16.14999964	0.303
16.15999964	0.302
16.26999964	0.301
16.38999963	0.3
16.41999963	0.299
16.51999963	0.298
16.58999963	0.297
16.66999963	0.296
16.70999963	0.295
16.78999962	0.294
16.80999962	0.293
16.90999962	0.292
16.91999962	0.291
16.98999962	0.29
17.00999962	0.289
17.11999962	0.288
17.14999962	0.287
17.20999962	0.286
17.24999961	0.285
17.29999961	0.284
17.34999961	0.283
17.39999961	0.282
17.48999961	0.281
17.55999961	0.28
17.62999961	0.279
17.66999961	0.278
17.6799996	0.277
17.7199996	0.276
17.8399996	0.275
17.8399996	0.274
17.8499996	0.273
17.8699996	0.272
17.8799996	0.271
17.8899996	0.27
17.8999996	0.269
17.9099996	0.268
17.9899996	0.267
17.9999996	0.266
18.0299996	0.265
18.0499996	0.264
18.0899996	0.263
18.26999959	0.262
18.27999959	0.261
18.29999959	0.26
18.30999959	0.259
18.46999959	0.258
18.49999959	0.257
18.50999959	0.256
18.56999958	0.255
18.67999958	0.254
18.72999958	0.253
18.90999958	0.252
18.94999958	0.251
18.95999958	0.25
18.98999958	0.249
19.00999958	0.248
19.05999957	0.247
19.16999957	0.246
19.20999957	0.245
19.23999957	0.244
19.27999957	0.243
19.41999957	0.242
19.41999957	0.241
19.44999957	0.24
19.49999956	0.239
19.55999956	0.238
19.57999956	0.237
19.65999956	0.236
19.90999955	0.235
19.90999955	0.234
19.98999955	0.233
20.03999955	0.232
20.06999955	0.231
20.34999955	0.23
20.40999954	0.229
20.41999954	0.228
20.62999954	0.227
20.65999954	0.226
20.66999954	0.225
20.67999954	0.224
20.76999954	0.223
20.79999954	0.222
20.84999953	0.221
20.85999953	0.22
20.87999953	0.219
20.93999953	0.218
21.00999953	0.217
21.09999953	0.216
21.19999953	0.215
21.19999953	0.214
21.37999952	0.213
21.48999952	0.212
21.54999952	0.211
21.61999952	0.21
21.93999951	0.209
21.98999951	0.208
21.98999951	0.207
22.01999951	0.206
22.03999951	0.205
22.3799995	0.204
22.4599995	0.203
22.5599995	0.202
22.61999949	0.201
22.64999949	0.2
22.65999949	0.199
22.76999949	0.198
22.96999949	0.197
22.98999949	0.196
23.09999948	0.195
23.10999948	0.194
23.34999948	0.193
23.34999948	0.192
23.66999947	0.191
23.70999947	0.19
23.72999947	0.189
23.75999947	0.188
23.98999946	0.187
24.07999946	0.186
24.17999946	0.185
24.20999946	0.184
24.27999946	0.183
24.29999946	0.182
24.41999945	0.181
24.47999945	0.18
24.53999945	0.179
24.55999945	0.178
24.76999945	0.177
24.85999944	0.176
24.93999944	0.175
24.93999944	0.174
24.99999944	0.173
25.07999944	0.172
25.09999944	0.171
25.13999944	0.17
25.15999944	0.169
25.30999943	0.168
25.31999943	0.167
25.34999943	0.166
25.48999943	0.165
25.53999943	0.164
25.55999943	0.163
25.65999943	0.162
25.76999942	0.161
25.84999942	0.16
25.98999942	0.159
26.00999942	0.158
26.09999942	0.157
26.12999942	0.156
26.21999941	0.155
26.25999941	0.154
26.31999941	0.153
26.38999941	0.152
26.40999941	0.151
26.42999941	0.15
26.45999941	0.149
26.49999941	0.148
26.55999941	0.147
26.58999941	0.146
26.6699994	0.145
26.6899994	0.144
26.7899994	0.143
26.8199994	0.142
27.34999939	0.141
27.43999939	0.14
27.52999938	0.139
27.57999938	0.138
27.61999938	0.137
27.63999938	0.136
27.63999938	0.135
27.73999938	0.134
27.81999938	0.133
28.22999937	0.132
28.32999937	0.131
28.59999936	0.13
28.64999936	0.129
28.71999936	0.128
28.77999936	0.127
28.81999936	0.126
29.17999935	0.125
29.17999935	0.124
29.28999935	0.123
29.52999934	0.122
29.64999934	0.121
29.67999934	0.12
29.82999933	0.119
29.88999933	0.118
29.89999933	0.117
29.91999933	0.116
30.04999933	0.115
30.07999933	0.114
30.12999933	0.113
30.19999933	0.112
30.25999932	0.111
30.37999932	0.11
30.43999932	0.109
30.76999931	0.108
31.3799993	0.107
31.4999993	0.106
31.57999929	0.105
31.82999929	0.104
31.95999929	0.103
32.11999928	0.102
32.24999928	0.101
32.26999928	0.1
32.42999928	0.099
32.60999927	0.098
32.71999927	0.097
32.77999927	0.096
32.78999927	0.095
32.84999927	0.094
32.88999926	0.093
32.92999926	0.092
32.95999926	0.091
33.18999926	0.09
33.25999926	0.089
33.37999925	0.088
33.47999925	0.087
33.60999925	0.086
33.62999925	0.085
33.63999925	0.084
33.64999925	0.083
33.70999925	0.082
33.71999925	0.081
33.90999924	0.08
33.98999924	0.079
34.06999924	0.078
34.41999923	0.077
34.43999923	0.076
34.44999923	0.075
34.61999923	0.074
34.71999922	0.073
34.87999922	0.072
34.89999922	0.071
35.16999921	0.07
35.25999921	0.069
35.26999921	0.068
35.7099992	0.067
35.8999992	0.066
35.9299992	0.065
35.9599992	0.064
36.10999919	0.063
36.25999919	0.062
36.28999919	0.061
36.70999918	0.06
36.76999918	0.059
36.87999918	0.058
37.12999917	0.057
37.14999917	0.056
37.22999917	0.055
37.23999917	0.054
37.60999916	0.053
37.74999916	0.052
37.87999915	0.051
37.97999915	0.05
38.34999914	0.049
39.10999913	0.048
39.21999912	0.047
39.38999912	0.046
39.47999912	0.045
39.66999911	0.044
40.4099991	0.043
40.54999909	0.042
40.64999909	0.041
41.33999908	0.04
41.49999907	0.039
41.90999906	0.038
42.15999906	0.037
42.32999905	0.036
42.58999905	0.035
43.07999904	0.034
43.87999902	0.033
43.88999902	0.032
44.04999902	0.031
44.38999901	0.03
44.41999901	0.029
44.619999	0.028
44.719999	0.027
44.809999	0.026
46.52999896	0.025
47.18999895	0.024
47.29999894	0.023
47.50999894	0.022
48.41999892	0.021
48.54999891	0.02
48.58999891	0.019
49.0699989	0.018
50.61999887	0.017
50.78999886	0.016
51.36999885	0.015
52.50999883	0.014
52.99999882	0.013
56.03999875	0.012
57.34999872	0.011
57.49999871	0.01
58.1699987	0.009
58.2099987	0.008
58.47999869	0.007
61.39999863	0.006
61.93999862	0.005
62.6099986	0.004
65.57999853	0.003
69.19999845	0.002
69.87999844	0.001
72.00999839	0
