0		1
0.669999985	0.999
0.699999984	0.998
0.749999983	0.997
0.809999982	0.996
0.849999981	0.995
0.869999981	0.994
0.87999998	0.993
0.87999998	0.992
0.88999998	0.991
0.89999998	0.99
0.90999998	0.989
0.919999979	0.988
0.919999979	0.987
0.929999979	0.986
0.939999979	0.985
0.939999979	0.984
0.949999979	0.983
0.959999978	0.982
0.959999978	0.981
0.969999978	0.98
0.969999978	0.979
0.969999978	0.978
0.979999978	0.977
0.989999978	0.976
0.989999978	0.975
0.999999978	0.974
0.999999978	0.973
1.009999977	0.972
1.009999977	0.971
1.019999977	0.97
1.019999977	0.969
1.029999977	0.968
1.029999977	0.967
1.039999977	0.966
1.039999977	0.965
1.039999977	0.964
1.039999977	0.963
1.049999977	0.962
1.049999977	0.961
1.049999977	0.96
1.059999976	0.959
1.059999976	0.958
1.059999976	0.957
1.069999976	0.956
1.079999976	0.955
1.089999976	0.954
1.099999975	0.953
1.099999975	0.952
1.109999975	0.951
1.109999975	0.95
1.109999975	0.949
1.109999975	0.948
1.109999975	0.947
1.119999975	0.946
1.129999975	0.945
1.129999975	0.944
1.129999975	0.943
1.129999975	0.942
1.129999975	0.941
1.129999975	0.94
1.129999975	0.939
1.139999975	0.938
1.139999975	0.937
1.139999975	0.936
1.159999974	0.935
1.169999974	0.934
1.179999974	0.933
1.179999974	0.932
1.179999974	0.931
1.189999973	0.93
1.189999973	0.929
1.189999973	0.928
1.189999973	0.927
1.199999973	0.926
1.209999973	0.925
1.209999973	0.924
1.209999973	0.923
1.209999973	0.922
1.209999973	0.921
1.209999973	0.92
1.219999973	0.919
1.219999973	0.918
1.229999972	0.917
1.229999972	0.916
1.239999972	0.915
1.239999972	0.914
1.249999972	0.913
1.249999972	0.912
1.259999972	0.911
1.269999972	0.91
1.269999972	0.909
1.269999972	0.908
1.269999972	0.907
1.279999971	0.906
1.279999971	0.905
1.279999971	0.904
1.279999971	0.903
1.299999971	0.902
1.299999971	0.901
1.299999971	0.9
1.309999971	0.899
1.309999971	0.898
1.309999971	0.897
1.309999971	0.896
1.319999971	0.895
1.32999997	0.894
1.32999997	0.893
1.32999997	0.892
1.32999997	0.891
1.33999997	0.89
1.33999997	0.889
1.35999997	0.888
1.35999997	0.887
1.379999969	0.886
1.379999969	0.885
1.379999969	0.884
1.379999969	0.883
1.389999969	0.882
1.409999969	0.881
1.409999969	0.88
1.409999969	0.879
1.419999968	0.878
1.429999968	0.877
1.429999968	0.876
1.429999968	0.875
1.429999968	0.874
1.429999968	0.873
1.439999968	0.872
1.439999968	0.871
1.449999968	0.87
1.449999968	0.869
1.449999968	0.868
1.459999967	0.867
1.459999967	0.866
1.469999967	0.865
1.469999967	0.864
1.479999967	0.863
1.479999967	0.862
1.479999967	0.861
1.479999967	0.86
1.479999967	0.859
1.479999967	0.858
1.489999967	0.857
1.489999967	0.856
1.489999967	0.855
1.499999966	0.854
1.499999966	0.853
1.509999966	0.852
1.509999966	0.851
1.509999966	0.85
1.519999966	0.849
1.519999966	0.848
1.539999966	0.847
1.549999965	0.846
1.549999965	0.845
1.549999965	0.844
1.559999965	0.843
1.559999965	0.842
1.559999965	0.841
1.559999965	0.84
1.569999965	0.839
1.569999965	0.838
1.569999965	0.837
1.569999965	0.836
1.579999965	0.835
1.579999965	0.834
1.579999965	0.833
1.579999965	0.832
1.599999964	0.831
1.599999964	0.83
1.609999964	0.829
1.629999964	0.828
1.629999964	0.827
1.629999964	0.826
1.629999964	0.825
1.639999963	0.824
1.639999963	0.823
1.649999963	0.822
1.659999963	0.821
1.659999963	0.82
1.669999963	0.819
1.669999963	0.818
1.679999962	0.817
1.679999962	0.816
1.679999962	0.815
1.689999962	0.814
1.689999962	0.813
1.699999962	0.812
1.709999962	0.811
1.709999962	0.81
1.709999962	0.809
1.719999962	0.808
1.719999962	0.807
1.719999962	0.806
1.729999961	0.805
1.729999961	0.804
1.729999961	0.803
1.739999961	0.802
1.739999961	0.801
1.739999961	0.8
1.739999961	0.799
1.739999961	0.798
1.749999961	0.797
1.749999961	0.796
1.759999961	0.795
1.759999961	0.794
1.77999996	0.793
1.77999996	0.792
1.77999996	0.791
1.79999996	0.79
1.79999996	0.789
1.80999996	0.788
1.80999996	0.787
1.819999959	0.786
1.819999959	0.785
1.819999959	0.784
1.829999959	0.783
1.829999959	0.782
1.829999959	0.781
1.839999959	0.78
1.839999959	0.779
1.839999959	0.778
1.839999959	0.777
1.849999959	0.776
1.859999958	0.775
1.859999958	0.774
1.869999958	0.773
1.879999958	0.772
1.879999958	0.771
1.889999958	0.77
1.889999958	0.769
1.899999957	0.768
1.899999957	0.767
1.909999957	0.766
1.909999957	0.765
1.909999957	0.764
1.909999957	0.763
1.919999957	0.762
1.929999957	0.761
1.929999957	0.76
1.929999957	0.759
1.929999957	0.758
1.929999957	0.757
1.949999956	0.756
1.949999956	0.755
1.959999956	0.754
1.969999956	0.753
1.979999956	0.752
1.979999956	0.751
1.989999956	0.75
1.999999955	0.749
1.999999955	0.748
2.009999955	0.747
2.019999955	0.746
2.019999955	0.745
2.029999955	0.744
2.039999954	0.743
2.039999954	0.742
2.049999954	0.741
2.049999954	0.74
2.049999954	0.739
2.049999954	0.738
2.059999954	0.737
2.059999954	0.736
2.069999954	0.735
2.069999954	0.734
2.069999954	0.733
2.079999954	0.732
2.079999954	0.731
2.089999953	0.73
2.089999953	0.729
2.099999953	0.728
2.099999953	0.727
2.109999953	0.726
2.109999953	0.725
2.109999953	0.724
2.119999953	0.723
2.119999953	0.722
2.119999953	0.721
2.119999953	0.72
2.129999952	0.719
2.129999952	0.718
2.139999952	0.717
2.149999952	0.716
2.159999952	0.715
2.159999952	0.714
2.169999951	0.713
2.179999951	0.712
2.189999951	0.711
2.209999951	0.71
2.209999951	0.709
2.209999951	0.708
2.21999995	0.707
2.21999995	0.706
2.23999995	0.705
2.23999995	0.704
2.24999995	0.703
2.24999995	0.702
2.24999995	0.701
2.24999995	0.7
2.25999995	0.699
2.25999995	0.698
2.25999995	0.697
2.269999949	0.696
2.279999949	0.695
2.279999949	0.694
2.309999948	0.693
2.309999948	0.692
2.309999948	0.691
2.319999948	0.69
2.319999948	0.689
2.329999948	0.688
2.329999948	0.687
2.339999948	0.686
2.349999948	0.685
2.379999947	0.684
2.399999946	0.683
2.409999946	0.682
2.409999946	0.681
2.419999946	0.68
2.439999945	0.679
2.439999945	0.678
2.469999945	0.677
2.469999945	0.676
2.469999945	0.675
2.469999945	0.674
2.479999945	0.673
2.479999945	0.672
2.509999944	0.671
2.509999944	0.67
2.519999944	0.669
2.529999944	0.668
2.559999943	0.667
2.569999943	0.666
2.579999942	0.665
2.579999942	0.664
2.589999942	0.663
2.609999942	0.662
2.609999942	0.661
2.609999942	0.66
2.609999942	0.659
2.619999941	0.658
2.619999941	0.657
2.629999941	0.656
2.649999941	0.655
2.66999994	0.654
2.67999994	0.653
2.67999994	0.652
2.67999994	0.651
2.68999994	0.65
2.68999994	0.649
2.68999994	0.648
2.709999939	0.647
2.729999939	0.646
2.729999939	0.645
2.749999938	0.644
2.749999938	0.643
2.749999938	0.642
2.779999938	0.641
2.779999938	0.64
2.789999938	0.639
2.799999937	0.638
2.799999937	0.637
2.809999937	0.636
2.809999937	0.635
2.809999937	0.634
2.829999937	0.633
2.839999936	0.632
2.849999936	0.631
2.869999936	0.63
2.879999936	0.629
2.879999936	0.628
2.879999936	0.627
2.889999935	0.626
2.899999935	0.625
2.909999935	0.624
2.909999935	0.623
2.909999935	0.622
2.919999935	0.621
2.929999935	0.62
2.939999934	0.619
2.939999934	0.618
2.949999934	0.617
2.949999934	0.616
2.959999934	0.615
2.959999934	0.614
2.969999934	0.613
2.979999933	0.612
2.989999933	0.611
3.019999933	0.61
3.049999932	0.609
3.049999932	0.608
3.049999932	0.607
3.069999931	0.606
3.079999931	0.605
3.079999931	0.604
3.10999993	0.603
3.10999993	0.602
3.11999993	0.601
3.11999993	0.6
3.13999993	0.599
3.14999993	0.598
3.14999993	0.597
3.14999993	0.596
3.159999929	0.595
3.169999929	0.594
3.179999929	0.593
3.179999929	0.592
3.189999929	0.591
3.189999929	0.59
3.199999929	0.589
3.199999929	0.588
3.239999928	0.587
3.259999927	0.586
3.259999927	0.585
3.259999927	0.584
3.269999927	0.583
3.269999927	0.582
3.309999926	0.581
3.319999926	0.58
3.319999926	0.579
3.339999925	0.578
3.339999925	0.577
3.339999925	0.576
3.349999925	0.575
3.369999925	0.574
3.389999924	0.573
3.399999924	0.572
3.409999924	0.571
3.419999924	0.57
3.419999924	0.569
3.429999923	0.568
3.429999923	0.567
3.439999923	0.566
3.459999923	0.565
3.459999923	0.564
3.479999922	0.563
3.489999922	0.562
3.489999922	0.561
3.499999922	0.56
3.519999921	0.559
3.519999921	0.558
3.549999921	0.557
3.56999992	0.556
3.57999992	0.555
3.58999992	0.554
3.59999992	0.553
3.59999992	0.552
3.59999992	0.551
3.609999919	0.55
3.619999919	0.549
3.619999919	0.548
3.669999918	0.547
3.679999918	0.546
3.679999918	0.545
3.689999917	0.544
3.689999917	0.543
3.709999917	0.542
3.719999917	0.541
3.729999917	0.54
3.729999917	0.539
3.749999916	0.538
3.749999916	0.537
3.759999916	0.536
3.759999916	0.535
3.769999916	0.534
3.769999916	0.533
3.779999915	0.532
3.799999915	0.531
3.809999915	0.53
3.819999915	0.529
3.839999914	0.528
3.849999914	0.527
3.859999914	0.526
3.859999914	0.525
3.859999914	0.524
3.859999914	0.523
3.869999914	0.522
3.869999914	0.521
3.879999913	0.52
3.899999913	0.519
3.899999913	0.518
3.919999912	0.517
3.939999912	0.516
3.939999912	0.515
3.949999912	0.514
3.949999912	0.513
3.959999912	0.512
4.02999991	0.511
4.059999909	0.51
4.089999909	0.509
4.089999909	0.508
4.099999908	0.507
4.129999908	0.506
4.139999908	0.505
4.149999907	0.504
4.169999907	0.503
4.169999907	0.502
4.179999907	0.501
4.199999906	0.5
4.199999906	0.499
4.209999906	0.498
4.229999905	0.497
4.239999905	0.496
4.259999905	0.495
4.279999904	0.494
4.289999904	0.493
4.309999904	0.492
4.329999903	0.491
4.329999903	0.49
4.339999903	0.489
4.349999903	0.488
4.379999902	0.487
4.399999902	0.486
4.409999901	0.485
4.409999901	0.484
4.439999901	0.483
4.4599999	0.482
4.4599999	0.481
4.4699999	0.48
4.4699999	0.479
4.4799999	0.478
4.4799999	0.477
4.499999899	0.476
4.539999898	0.475
4.559999898	0.474
4.589999897	0.473
4.589999897	0.472
4.609999897	0.471
4.609999897	0.47
4.619999897	0.469
4.619999897	0.468
4.629999897	0.467
4.629999897	0.466
4.639999896	0.465
4.659999896	0.464
4.679999895	0.463
4.689999895	0.462
4.699999895	0.461
4.719999894	0.46
4.719999894	0.459
4.729999894	0.458
4.769999893	0.457
4.779999893	0.456
4.779999893	0.455
4.809999892	0.454
4.809999892	0.453
4.859999891	0.452
4.879999891	0.451
4.90999989	0.45
4.91999989	0.449
4.91999989	0.448
4.93999989	0.447
4.959999889	0.446
4.969999889	0.445
4.989999888	0.444
5.019999888	0.443
5.049999887	0.442
5.099999886	0.441
5.109999886	0.44
5.109999886	0.439
5.119999886	0.438
5.129999885	0.437
5.149999885	0.436
5.159999885	0.435
5.159999885	0.434
5.159999885	0.433
5.169999884	0.432
5.189999884	0.431
5.189999884	0.43
5.199999884	0.429
5.239999883	0.428
5.279999882	0.427
5.299999881	0.426
5.339999881	0.425
5.489999877	0.424
5.499999877	0.423
5.519999877	0.422
5.529999876	0.421
5.559999876	0.42
5.579999875	0.419
5.579999875	0.418
5.619999874	0.417
5.639999874	0.416
5.649999874	0.415
5.689999873	0.414
5.709999872	0.413
5.719999872	0.412
5.739999872	0.411
5.739999872	0.41
5.749999872	0.409
5.759999871	0.408
5.769999871	0.407
5.789999871	0.406
5.81999987	0.405
5.879999869	0.404
5.919999868	0.403
5.949999867	0.402
5.969999867	0.401
5.979999866	0.4
5.999999866	0.399
6.019999865	0.398
6.049999865	0.397
6.059999864	0.396
6.069999864	0.395
6.089999864	0.394
6.119999863	0.393
6.129999863	0.392
6.129999863	0.391
6.169999862	0.39
6.189999862	0.389
6.219999861	0.388
6.239999861	0.387
6.25999986	0.386
6.27999986	0.385
6.289999859	0.384
6.289999859	0.383
6.289999859	0.382
6.319999859	0.381
6.329999858	0.38
6.339999858	0.379
6.349999858	0.378
6.359999858	0.377
6.369999858	0.376
6.479999855	0.375
6.529999854	0.374
6.559999853	0.373
6.569999853	0.372
6.649999851	0.371
6.69999985	0.37
6.70999985	0.369
6.71999985	0.368
6.739999849	0.367
6.749999849	0.366
6.759999849	0.365
6.759999849	0.364
6.769999849	0.363
6.779999849	0.362
6.819999848	0.361
6.849999847	0.36
6.879999846	0.359
6.989999844	0.358
7.069999842	0.357
7.109999841	0.356
7.179999839	0.355
7.189999839	0.354
7.259999838	0.353
7.439999834	0.352
7.459999833	0.351
7.519999832	0.35
7.539999832	0.349
7.579999831	0.348
7.58999983	0.347
7.649999829	0.346
7.679999828	0.345
7.709999828	0.344
7.739999827	0.343
7.749999827	0.342
7.789999826	0.341
7.799999826	0.34
7.829999825	0.339
7.919999823	0.338
7.939999822	0.337
7.949999822	0.336
7.969999822	0.335
7.979999822	0.334
7.979999822	0.333
7.999999821	0.332
8.009999821	0.331
8.04999982	0.33
8.099999819	0.329
8.099999819	0.328
8.139999818	0.327
8.189999817	0.326
8.199999817	0.325
8.249999816	0.324
8.259999815	0.323
8.339999814	0.322
8.359999813	0.321
8.379999813	0.32
8.399999812	0.319
8.469999811	0.318
8.49999981	0.317
8.50999981	0.316
8.539999809	0.315
8.559999809	0.314
8.589999808	0.313
8.729999805	0.312
8.729999805	0.311
8.759999804	0.31
8.789999804	0.309
8.809999803	0.308
8.829999803	0.307
8.829999803	0.306
8.839999802	0.305
8.849999802	0.304
9.049999798	0.303
9.119999796	0.302
9.119999796	0.301
9.149999795	0.3
9.209999794	0.299
9.229999794	0.298
9.239999793	0.297
9.279999793	0.296
9.299999792	0.295
9.309999792	0.294
9.349999791	0.293
9.359999791	0.292
9.419999789	0.291
9.609999785	0.29
9.699999783	0.289
9.759999782	0.288
9.759999782	0.287
9.779999781	0.286
9.909999778	0.285
9.929999778	0.284
9.939999778	0.283
9.999999776	0.282
10.10999977	0.281
10.12999977	0.28
10.18999977	0.279
10.24999977	0.278
10.28999977	0.277
10.30999977	0.276
10.33999977	0.275
10.35999977	0.274
10.42999977	0.273
10.42999977	0.272
10.55999976	0.271
10.57999976	0.27
10.65999976	0.269
10.67999976	0.268
10.74999976	0.267
10.80999976	0.266
10.82999976	0.265
10.84999976	0.264
10.87999976	0.263
10.88999976	0.262
10.92999976	0.261
10.97999975	0.26
10.98999975	0.259
11.06999975	0.258
11.13999975	0.257
11.14999975	0.256
11.16999975	0.255
11.19999975	0.254
11.19999975	0.253
11.24999975	0.252
11.26999975	0.251
11.26999975	0.25
11.27999975	0.249
11.27999975	0.248
11.32999975	0.247
11.39999975	0.246
11.54999974	0.245
11.66999974	0.244
11.78999974	0.243
11.81999974	0.242
11.84999974	0.241
11.85999973	0.24
11.85999973	0.239
11.86999973	0.238
11.90999973	0.237
11.91999973	0.236
11.93999973	0.235
11.96999973	0.234
11.98999973	0.233
12.00999973	0.232
12.05999973	0.231
12.08999973	0.23
12.14999973	0.229
12.27999973	0.228
12.32999972	0.227
12.33999972	0.226
12.37999972	0.225
12.38999972	0.224
12.52999972	0.223
12.55999972	0.222
12.56999972	0.221
12.60999972	0.22
12.62999972	0.219
12.63999972	0.218
12.69999972	0.217
12.73999972	0.216
12.79999971	0.215
12.84999971	0.214
12.85999971	0.213
12.95999971	0.212
13.00999971	0.211
13.02999971	0.21
13.06999971	0.209
13.10999971	0.208
13.17999971	0.207
13.17999971	0.206
13.18999971	0.205
13.2399997	0.204
13.3999997	0.203
13.4599997	0.202
13.6099997	0.201
13.65999969	0.2
13.77999969	0.199
13.99999969	0.198
14.07999969	0.197
14.19999968	0.196
14.24999968	0.195
14.35999968	0.194
14.37999968	0.193
14.43999968	0.192
14.47999968	0.191
14.49999968	0.19
14.63999967	0.189
14.66999967	0.188
14.69999967	0.187
14.72999967	0.186
14.85999967	0.185
14.86999967	0.184
14.88999967	0.183
14.91999967	0.182
14.92999967	0.181
15.24999966	0.18
15.25999966	0.179
15.25999966	0.178
15.27999966	0.177
15.35999966	0.176
15.67999965	0.175
15.74999965	0.174
15.77999965	0.173
15.86999965	0.172
15.93999964	0.171
15.94999964	0.17
16.01999964	0.169
16.10999964	0.168
16.20999964	0.167
16.29999964	0.166
16.55999963	0.165
16.63999963	0.164
16.69999963	0.163
16.81999962	0.162
16.84999962	0.161
16.89999962	0.16
16.96999962	0.159
17.00999962	0.158
17.06999962	0.157
17.06999962	0.156
17.09999962	0.155
17.30999961	0.154
17.40999961	0.153
17.61999961	0.152
18.11999959	0.151
18.17999959	0.15
18.40999959	0.149
18.44999959	0.148
18.45999959	0.147
18.45999959	0.146
18.48999959	0.145
18.58999958	0.144
18.67999958	0.143
18.68999958	0.142
19.01999957	0.141
19.09999957	0.14
19.13999957	0.139
19.16999957	0.138
19.17999957	0.137
19.28999957	0.136
19.31999957	0.135
19.33999957	0.134
19.38999957	0.133
19.39999957	0.132
19.51999956	0.131
19.67999956	0.13
19.93999955	0.129
20.11999955	0.128
20.14999955	0.127
20.17999955	0.126
20.27999955	0.125
20.30999955	0.124
20.35999954	0.123
20.50999954	0.122
20.63999954	0.121
20.77999954	0.12
20.84999953	0.119
20.88999953	0.118
20.91999953	0.117
20.98999953	0.116
21.01999953	0.115
21.18999953	0.114
21.23999953	0.113
21.35999952	0.112
21.44999952	0.111
21.52999952	0.11
21.58999952	0.109
21.67999952	0.108
21.80999951	0.107
21.83999951	0.106
21.83999951	0.105
21.92999951	0.104
22.13999951	0.103
22.2399995	0.102
22.2499995	0.101
22.3599995	0.1
22.3999995	0.099
22.4599995	0.098
22.5699995	0.097
22.81999949	0.096
22.82999949	0.095
22.97999949	0.094
23.23999948	0.093
23.24999948	0.092
23.28999948	0.091
23.53999947	0.09
23.58999947	0.089
23.65999947	0.088
23.69999947	0.087
23.74999947	0.086
23.87999947	0.085
24.11999946	0.084
24.33999946	0.083
24.41999945	0.082
24.69999945	0.081
24.74999945	0.08
24.89999944	0.079
24.91999944	0.078
25.05999944	0.077
25.29999943	0.076
25.38999943	0.075
25.64999943	0.074
25.65999943	0.073
25.67999943	0.072
25.78999942	0.071
25.96999942	0.07
26.04999942	0.069
26.06999942	0.068
26.30999941	0.067
26.31999941	0.066
26.7299994	0.065
26.9099994	0.064
26.9299994	0.063
27.20999939	0.062
27.24999939	0.061
27.30999939	0.06
27.32999939	0.059
27.44999939	0.058
27.83999938	0.057
27.92999938	0.056
27.95999937	0.055
28.09999937	0.054
28.19999937	0.053
28.57999936	0.052
28.72999936	0.051
28.84999936	0.05
29.02999935	0.049
29.07999935	0.048
29.24999935	0.047
29.37999934	0.046
29.94999933	0.045
30.09999933	0.044
30.22999932	0.043
30.66999931	0.042
31.0999993	0.041
31.1499993	0.04
31.2799993	0.039
31.3099993	0.038
31.4799993	0.037
31.63999929	0.036
31.67999929	0.035
31.94999929	0.034
32.17999928	0.033
32.34999928	0.032
33.94999924	0.031
34.19999924	0.03
34.23999923	0.029
34.33999923	0.028
34.62999923	0.027
34.64999923	0.026
34.78999922	0.025
35.7599992	0.024
35.9499992	0.023
36.16999919	0.022
36.39999919	0.021
36.41999919	0.02
36.57999918	0.019
36.95999917	0.018
37.18999917	0.017
37.62999916	0.016
37.74999916	0.015
37.87999915	0.014
37.99999915	0.013
38.89999913	0.012
40.89999909	0.011
40.92999909	0.01
41.99999906	0.009
42.07999906	0.008
42.25999906	0.007
43.17999903	0.006
44.98999899	0.005
45.95999897	0.004
48.68999891	0.003
54.71999878	0.002
57.16999872	0.001
57.21999872	0
