0	1
0.699999984	0.999
0.799999982	0.998
0.809999982	0.997
0.839999981	0.996
0.869999981	0.995
0.87999998	0.994
0.88999998	0.993
0.89999998	0.992
0.89999998	0.991
0.919999979	0.99
0.919999979	0.989
0.929999979	0.988
0.929999979	0.987
0.929999979	0.986
0.949999979	0.985
0.949999979	0.984
0.959999978	0.983
0.979999978	0.982
0.979999978	0.981
0.979999978	0.98
0.979999978	0.979
0.989999978	0.978
0.989999978	0.977
0.989999978	0.976
1.039999977	0.975
1.039999977	0.974
1.039999977	0.973
1.059999976	0.972
1.069999976	0.971
1.069999976	0.97
1.069999976	0.969
1.079999976	0.968
1.079999976	0.967
1.089999976	0.966
1.099999975	0.965
1.099999975	0.964
1.099999975	0.963
1.109999975	0.962
1.129999975	0.961
1.129999975	0.96
1.129999975	0.959
1.139999975	0.958
1.139999975	0.957
1.139999975	0.956
1.149999974	0.955
1.149999974	0.954
1.149999974	0.953
1.159999974	0.952
1.159999974	0.951
1.159999974	0.95
1.169999974	0.949
1.169999974	0.948
1.179999974	0.947
1.179999974	0.946
1.199999973	0.945
1.199999973	0.944
1.199999973	0.943
1.209999973	0.942
1.209999973	0.941
1.209999973	0.94
1.219999973	0.939
1.229999972	0.938
1.229999972	0.937
1.229999972	0.936
1.229999972	0.935
1.229999972	0.934
1.239999972	0.933
1.249999972	0.932
1.249999972	0.931
1.259999972	0.93
1.259999972	0.929
1.259999972	0.928
1.269999972	0.927
1.269999972	0.926
1.269999972	0.925
1.279999971	0.924
1.279999971	0.923
1.289999971	0.922
1.289999971	0.921
1.289999971	0.92
1.299999971	0.919
1.299999971	0.918
1.309999971	0.917
1.319999971	0.916
1.319999971	0.915
1.319999971	0.914
1.32999997	0.913
1.33999997	0.912
1.33999997	0.911
1.33999997	0.91
1.34999997	0.909
1.35999997	0.908
1.35999997	0.907
1.35999997	0.906
1.369999969	0.905
1.369999969	0.904
1.389999969	0.903
1.389999969	0.902
1.399999969	0.901
1.399999969	0.9
1.399999969	0.899
1.419999968	0.898
1.429999968	0.897
1.449999968	0.896
1.449999968	0.895
1.459999967	0.894
1.469999967	0.893
1.469999967	0.892
1.479999967	0.891
1.479999967	0.89
1.479999967	0.889
1.479999967	0.888
1.489999967	0.887
1.489999967	0.886
1.499999966	0.885
1.499999966	0.884
1.499999966	0.883
1.509999966	0.882
1.519999966	0.881
1.529999966	0.88
1.529999966	0.879
1.529999966	0.878
1.529999966	0.877
1.539999966	0.876
1.549999965	0.875
1.549999965	0.874
1.549999965	0.873
1.549999965	0.872
1.549999965	0.871
1.559999965	0.87
1.569999965	0.869
1.569999965	0.868
1.569999965	0.867
1.569999965	0.866
1.579999965	0.865
1.579999965	0.864
1.589999965	0.863
1.589999965	0.862
1.589999965	0.861
1.599999964	0.86
1.599999964	0.859
1.599999964	0.858
1.599999964	0.857
1.609999964	0.856
1.609999964	0.855
1.619999964	0.854
1.619999964	0.853
1.639999963	0.852
1.639999963	0.851
1.639999963	0.85
1.649999963	0.849
1.649999963	0.848
1.649999963	0.847
1.649999963	0.846
1.649999963	0.845
1.659999963	0.844
1.669999963	0.843
1.669999963	0.842
1.669999963	0.841
1.669999963	0.84
1.669999963	0.839
1.669999963	0.838
1.679999962	0.837
1.699999962	0.836
1.699999962	0.835
1.699999962	0.834
1.699999962	0.833
1.709999962	0.832
1.709999962	0.831
1.709999962	0.83
1.719999962	0.829
1.719999962	0.828
1.719999962	0.827
1.719999962	0.826
1.729999961	0.825
1.739999961	0.824
1.739999961	0.823
1.739999961	0.822
1.739999961	0.821
1.739999961	0.82
1.749999961	0.819
1.749999961	0.818
1.759999961	0.817
1.759999961	0.816
1.759999961	0.815
1.76999996	0.814
1.76999996	0.813
1.76999996	0.812
1.77999996	0.811
1.77999996	0.81
1.77999996	0.809
1.77999996	0.808
1.78999996	0.807
1.78999996	0.806
1.79999996	0.805
1.79999996	0.804
1.79999996	0.803
1.79999996	0.802
1.79999996	0.801
1.80999996	0.8
1.80999996	0.799
1.80999996	0.798
1.839999959	0.797
1.849999959	0.796
1.849999959	0.795
1.849999959	0.794
1.859999958	0.793
1.869999958	0.792
1.869999958	0.791
1.869999958	0.79
1.869999958	0.789
1.869999958	0.788
1.879999958	0.787
1.879999958	0.786
1.879999958	0.785
1.889999958	0.784
1.889999958	0.783
1.889999958	0.782
1.899999957	0.781
1.909999957	0.78
1.909999957	0.779
1.909999957	0.778
1.909999957	0.777
1.919999957	0.776
1.929999957	0.775
1.939999957	0.774
1.939999957	0.773
1.949999956	0.772
1.949999956	0.771
1.959999956	0.77
1.969999956	0.769
1.979999956	0.768
1.979999956	0.767
1.979999956	0.766
1.979999956	0.765
1.989999956	0.764
1.989999956	0.763
1.989999956	0.762
1.999999955	0.761
1.999999955	0.76
2.019999955	0.759
2.029999955	0.758
2.039999954	0.757
2.039999954	0.756
2.049999954	0.755
2.049999954	0.754
2.049999954	0.753
2.059999954	0.752
2.069999954	0.751
2.069999954	0.75
2.069999954	0.749
2.079999954	0.748
2.089999953	0.747
2.099999953	0.746
2.099999953	0.745
2.109999953	0.744
2.109999953	0.743
2.109999953	0.742
2.119999953	0.741
2.129999952	0.74
2.129999952	0.739
2.149999952	0.738
2.149999952	0.737
2.169999951	0.736
2.189999951	0.735
2.199999951	0.734
2.199999951	0.733
2.21999995	0.732
2.21999995	0.731
2.21999995	0.73
2.22999995	0.729
2.22999995	0.728
2.22999995	0.727
2.22999995	0.726
2.23999995	0.725
2.23999995	0.724
2.23999995	0.723
2.25999995	0.722
2.269999949	0.721
2.269999949	0.72
2.279999949	0.719
2.279999949	0.718
2.289999949	0.717
2.299999949	0.716
2.299999949	0.715
2.309999948	0.714
2.319999948	0.713
2.329999948	0.712
2.329999948	0.711
2.339999948	0.71
2.339999948	0.709
2.369999947	0.708
2.379999947	0.707
2.389999947	0.706
2.399999946	0.705
2.409999946	0.704
2.429999946	0.703
2.429999946	0.702
2.429999946	0.701
2.429999946	0.7
2.439999945	0.699
2.439999945	0.698
2.449999945	0.697
2.459999945	0.696
2.459999945	0.695
2.459999945	0.694
2.479999945	0.693
2.479999945	0.692
2.479999945	0.691
2.489999944	0.69
2.489999944	0.689
2.499999944	0.688
2.499999944	0.687
2.509999944	0.686
2.509999944	0.685
2.509999944	0.684
2.519999944	0.683
2.519999944	0.682
2.529999944	0.681
2.529999944	0.68
2.529999944	0.679
2.529999944	0.678
2.549999943	0.677
2.559999943	0.676
2.559999943	0.675
2.569999943	0.674
2.579999942	0.673
2.579999942	0.672
2.579999942	0.671
2.589999942	0.67
2.589999942	0.669
2.599999942	0.668
2.599999942	0.667
2.609999942	0.666
2.609999942	0.665
2.619999941	0.664
2.629999941	0.663
2.629999941	0.662
2.629999941	0.661
2.649999941	0.66
2.649999941	0.659
2.659999941	0.658
2.66999994	0.657
2.66999994	0.656
2.68999994	0.655
2.69999994	0.654
2.709999939	0.653
2.739999939	0.652
2.739999939	0.651
2.749999938	0.65
2.779999938	0.649
2.779999938	0.648
2.789999938	0.647
2.789999938	0.646
2.799999937	0.645
2.829999937	0.644
2.829999937	0.643
2.849999936	0.642
2.859999936	0.641
2.869999936	0.64
2.889999935	0.639
2.909999935	0.638
2.919999935	0.637
2.939999934	0.636
2.949999934	0.635
2.949999934	0.634
2.959999934	0.633
2.969999934	0.632
2.999999933	0.631
2.999999933	0.63
3.009999933	0.629
3.029999932	0.628
3.029999932	0.627
3.039999932	0.626
3.059999932	0.625
3.079999931	0.624
3.079999931	0.623
3.089999931	0.622
3.099999931	0.621
3.10999993	0.62
3.10999993	0.619
3.11999993	0.618
3.11999993	0.617
3.11999993	0.616
3.13999993	0.615
3.13999993	0.614
3.13999993	0.613
3.14999993	0.612
3.14999993	0.611
3.14999993	0.61
3.159999929	0.609
3.179999929	0.608
3.209999928	0.607
3.249999927	0.606
3.249999927	0.605
3.279999927	0.604
3.279999927	0.603
3.299999926	0.602
3.299999926	0.601
3.359999925	0.6
3.379999924	0.599
3.409999924	0.598
3.419999924	0.597
3.449999923	0.596
3.459999923	0.595
3.479999922	0.594
3.489999922	0.593
3.499999922	0.592
3.499999922	0.591
3.509999922	0.59
3.509999922	0.589
3.519999921	0.588
3.519999921	0.587
3.519999921	0.586
3.529999921	0.585
3.58999992	0.584
3.59999992	0.583
3.609999919	0.582
3.619999919	0.581
3.629999919	0.58
3.629999919	0.579
3.639999919	0.578
3.689999917	0.577
3.699999917	0.576
3.709999917	0.575
3.719999917	0.574
3.729999917	0.573
3.749999916	0.572
3.769999916	0.571
3.769999916	0.57
3.779999915	0.569
3.779999915	0.568
3.789999915	0.567
3.839999914	0.566
3.869999914	0.565
3.879999913	0.564
3.889999913	0.563
3.909999913	0.562
3.909999913	0.561
3.999999911	0.56
4.00999991	0.559
4.01999991	0.558
4.01999991	0.557
4.099999908	0.556
4.119999908	0.555
4.129999908	0.554
4.139999908	0.553
4.149999907	0.552
4.179999907	0.551
4.189999906	0.55
4.209999906	0.549
4.209999906	0.548
4.219999906	0.547
4.219999906	0.546
4.229999905	0.545
4.239999905	0.544
4.249999905	0.543
4.259999905	0.542
4.259999905	0.541
4.309999904	0.54
4.329999903	0.539
4.339999903	0.538
4.369999902	0.537
4.369999902	0.536
4.389999902	0.535
4.399999902	0.534
4.409999901	0.533
4.429999901	0.532
4.4599999	0.531
4.4799999	0.53
4.499999899	0.529
4.529999899	0.528
4.529999899	0.527
4.569999898	0.526
4.569999898	0.525
4.579999898	0.524
4.589999897	0.523
4.619999897	0.522
4.639999896	0.521
4.659999896	0.52
4.719999894	0.519
4.729999894	0.518
4.769999893	0.517
4.779999893	0.516
4.789999893	0.515
4.789999893	0.514
4.819999892	0.513
4.829999892	0.512
4.849999892	0.511
4.869999891	0.51
4.889999891	0.509
4.899999891	0.508
4.91999989	0.507
4.92999989	0.506
4.949999889	0.505
4.949999889	0.504
5.019999888	0.503
5.029999888	0.502
5.079999886	0.501
5.099999886	0.5
5.119999886	0.499
5.139999885	0.498
5.159999885	0.497
5.169999884	0.496
5.169999884	0.495
5.169999884	0.494
5.169999884	0.493
5.199999884	0.492
5.219999883	0.491
5.37999988	0.49
5.399999879	0.489
5.459999878	0.488
5.459999878	0.487
5.499999877	0.486
5.519999877	0.485
5.539999876	0.484
5.549999876	0.483
5.579999875	0.482
5.599999875	0.481
5.629999874	0.48
5.659999874	0.479
5.689999873	0.478
5.709999872	0.477
5.719999872	0.476
5.729999872	0.475
5.779999871	0.474
5.789999871	0.473
5.81999987	0.472
5.82999987	0.471
5.82999987	0.47
5.879999869	0.469
5.889999868	0.468
5.909999868	0.467
5.919999868	0.466
5.949999867	0.465
5.979999866	0.464
5.979999866	0.463
5.999999866	0.462
6.009999866	0.461
6.039999865	0.46
6.049999865	0.459
6.049999865	0.458
6.089999864	0.457
6.109999863	0.456
6.109999863	0.455
6.119999863	0.454
6.119999863	0.453
6.129999863	0.452
6.199999861	0.451
6.209999861	0.45
6.229999861	0.449
6.25999986	0.448
6.25999986	0.447
6.389999857	0.446
6.419999856	0.445
6.439999856	0.444
6.459999856	0.443
6.519999854	0.442
6.529999854	0.441
6.589999853	0.44
6.599999852	0.439
6.649999851	0.438
6.649999851	0.437
6.679999851	0.436
6.739999849	0.435
6.759999849	0.434
6.859999847	0.433
6.889999846	0.432
6.919999845	0.431
6.979999844	0.43
6.999999844	0.429
7.039999843	0.428
7.089999842	0.427
7.14999984	0.426
7.15999984	0.425
7.229999838	0.424
7.279999837	0.423
7.299999837	0.422
7.339999836	0.421
7.369999835	0.42
7.369999835	0.419
7.429999834	0.418
7.489999833	0.417
7.499999832	0.416
7.509999832	0.415
7.569999831	0.414
7.58999983	0.413
7.60999983	0.412
7.60999983	0.411
7.61999983	0.41
7.61999983	0.409
7.61999983	0.408
7.659999829	0.407
7.669999829	0.406
7.699999828	0.405
7.769999826	0.404
7.779999826	0.403
7.879999824	0.402
7.899999823	0.401
7.909999823	0.4
7.909999823	0.399
7.919999823	0.398
7.969999822	0.397
7.989999821	0.396
8.009999821	0.395
8.05999982	0.394
8.079999819	0.393
8.129999818	0.392
8.149999818	0.391
8.159999818	0.39
8.199999817	0.389
8.209999816	0.388
8.219999816	0.387
8.549999809	0.386
8.569999808	0.385
8.639999807	0.384
8.9499998	0.383
8.999999799	0.382
9.259999793	0.381
9.259999793	0.38
9.269999793	0.379
9.349999791	0.378
9.40999979	0.377
9.449999789	0.376
9.459999789	0.375
9.469999788	0.374
9.489999788	0.373
9.499999788	0.372
9.529999787	0.371
9.539999787	0.37
9.589999786	0.369
9.699999783	0.368
9.83999978	0.367
9.949999778	0.366
9.979999777	0.365
10.01999978	0.364
10.02999978	0.363
10.09999977	0.362
10.15999977	0.361
10.21999977	0.36
10.26999977	0.359
10.32999977	0.358
10.32999977	0.357
10.43999977	0.356
10.48999977	0.355
10.54999976	0.354
10.59999976	0.353
10.66999976	0.352
10.81999976	0.351
10.82999976	0.35
10.90999976	0.349
11.07999975	0.348
11.07999975	0.347
11.07999975	0.346
11.14999975	0.345
11.16999975	0.344
11.18999975	0.343
11.21999975	0.342
11.27999975	0.341
11.32999975	0.34
11.33999975	0.339
11.43999974	0.338
11.48999974	0.337
11.53999974	0.336
11.56999974	0.335
11.57999974	0.334
11.64999974	0.333
11.69999974	0.332
11.72999974	0.331
11.74999974	0.33
11.79999974	0.329
11.85999973	0.328
11.88999973	0.327
11.88999973	0.326
11.89999973	0.325
11.97999973	0.324
12.05999973	0.323
12.10999973	0.322
12.13999973	0.321
12.13999973	0.32
12.13999973	0.319
12.19999973	0.318
12.22999973	0.317
12.28999973	0.316
12.29999973	0.315
12.40999972	0.314
12.44999972	0.313
12.44999972	0.312
12.46999972	0.311
12.54999972	0.31
12.58999972	0.309
12.66999972	0.308
12.70999972	0.307
12.71999972	0.306
12.72999972	0.305
12.75999971	0.304
12.79999971	0.303
12.83999971	0.302
12.83999971	0.301
13.04999971	0.3
13.10999971	0.299
13.14999971	0.298
13.15999971	0.297
13.18999971	0.296
13.2299997	0.295
13.3099997	0.294
13.3699997	0.293
13.3999997	0.292
13.4199997	0.291
13.4899997	0.29
13.5099997	0.289
13.5199997	0.288
13.5299997	0.287
13.79999969	0.286
13.86999969	0.285
13.88999969	0.284
13.89999969	0.283
14.02999969	0.282
14.30999968	0.281
14.32999968	0.28
14.35999968	0.279
14.38999968	0.278
14.38999968	0.277
14.43999968	0.276
14.46999968	0.275
14.53999968	0.274
14.54999967	0.273
14.55999967	0.272
14.61999967	0.271
14.64999967	0.27
14.68999967	0.269
14.70999967	0.268
14.73999967	0.267
14.77999967	0.266
14.82999967	0.265
14.85999967	0.264
14.85999967	0.263
14.86999967	0.262
14.89999967	0.261
14.92999967	0.26
14.96999967	0.259
14.99999966	0.258
15.08999966	0.257
15.09999966	0.256
15.19999966	0.255
15.27999966	0.254
15.32999966	0.253
15.35999966	0.252
15.37999966	0.251
15.40999966	0.25
15.40999966	0.249
15.42999966	0.248
15.50999965	0.247
15.51999965	0.246
15.54999965	0.245
15.63999965	0.244
15.75999965	0.243
15.84999965	0.242
15.89999964	0.241
15.94999964	0.24
16.00999964	0.239
16.00999964	0.238
16.03999964	0.237
16.16999964	0.236
16.18999964	0.235
16.37999963	0.234
16.38999963	0.233
16.40999963	0.232
16.43999963	0.231
16.45999963	0.23
16.47999963	0.229
16.55999963	0.228
16.56999963	0.227
16.61999963	0.226
16.61999963	0.225
16.61999963	0.224
16.62999963	0.223
16.65999963	0.222
16.70999963	0.221
16.71999963	0.22
16.73999963	0.219
16.79999962	0.218
16.80999962	0.217
16.84999962	0.216
16.86999962	0.215
16.96999962	0.214
16.96999962	0.213
16.98999962	0.212
17.16999962	0.211
17.17999962	0.21
17.18999962	0.209
17.30999961	0.208
17.31999961	0.207
17.31999961	0.206
17.36999961	0.205
17.37999961	0.204
17.54999961	0.203
17.62999961	0.202
17.62999961	0.201
17.63999961	0.2
17.65999961	0.199
17.8699996	0.198
17.9499996	0.197
17.9799996	0.196
18.0299996	0.195
18.0999996	0.194
18.20999959	0.193
18.23999959	0.192
18.32999959	0.191
18.38999959	0.19
18.42999959	0.189
18.49999959	0.188
18.50999959	0.187
18.56999958	0.186
18.58999958	0.185
18.65999958	0.184
18.65999958	0.183
18.72999958	0.182
18.73999958	0.181
18.73999958	0.18
18.74999958	0.179
18.76999958	0.178
18.87999958	0.177
18.94999958	0.176
19.17999957	0.175
19.42999957	0.174
19.46999956	0.173
19.46999956	0.172
19.49999956	0.171
19.54999956	0.17
19.55999956	0.169
19.66999956	0.168
19.70999956	0.167
19.94999955	0.166
20.07999955	0.165
20.15999955	0.164
20.16999955	0.163
20.25999955	0.162
20.35999954	0.161
20.38999954	0.16
20.42999954	0.159
20.54999954	0.158
20.64999954	0.157
20.68999954	0.156
20.71999954	0.155
20.71999954	0.154
20.79999954	0.153
20.87999953	0.152
20.96999953	0.151
21.04999953	0.15
21.10999953	0.149
21.20999953	0.148
21.26999952	0.147
21.35999952	0.146
21.60999952	0.145
21.62999952	0.144
21.94999951	0.143
21.95999951	0.142
22.07999951	0.141
22.2999995	0.14
22.4099995	0.139
22.5099995	0.138
22.5699995	0.137
22.5799995	0.136
22.65999949	0.135
22.79999949	0.134
22.94999949	0.133
22.95999949	0.132
22.98999949	0.131
23.10999948	0.13
23.14999948	0.129
23.19999948	0.128
23.27999948	0.127
23.37999948	0.126
23.41999948	0.125
23.74999947	0.124
23.75999947	0.123
23.83999947	0.122
23.99999946	0.121
24.04999946	0.12
24.14999946	0.119
24.17999946	0.118
24.20999946	0.117
24.20999946	0.116
24.24999946	0.115
24.30999946	0.114
24.37999946	0.113
24.40999945	0.112
24.48999945	0.111
24.71999945	0.11
24.73999945	0.109
24.75999945	0.108
24.83999944	0.107
24.98999944	0.106
25.08999944	0.105
25.58999943	0.104
25.71999943	0.103
25.91999942	0.102
26.14999942	0.101
26.15999942	0.1
26.23999941	0.099
26.26999941	0.098
26.42999941	0.097
26.8199994	0.096
26.8399994	0.095
26.9299994	0.094
27.0099994	0.093
27.0499994	0.092
27.10999939	0.091
27.38999939	0.09
27.45999939	0.089
27.53999938	0.088
27.56999938	0.087
27.72999938	0.086
27.79999938	0.085
27.88999938	0.084
28.45999936	0.083
28.65999936	0.082
28.79999936	0.081
28.85999935	0.08
29.31999934	0.079
29.33999934	0.078
29.35999934	0.077
29.66999934	0.076
29.82999933	0.075
30.02999933	0.074
30.14999933	0.073
30.41999932	0.072
30.65999931	0.071
30.76999931	0.07
31.1899993	0.069
31.5099993	0.068
31.60999929	0.067
32.03999928	0.066
32.27999928	0.065
32.35999928	0.064
32.69999927	0.063
32.80999927	0.062
32.86999927	0.061
33.45999925	0.06
33.93999924	0.059
35.07999922	0.058
35.6799992	0.057
35.8599992	0.056
35.8899992	0.055
36.04999919	0.054
36.21999919	0.053
36.25999919	0.052
36.31999919	0.051
36.61999918	0.05
36.76999918	0.049
37.08999917	0.048
37.32999917	0.047
37.55999916	0.046
37.97999915	0.045
38.50999914	0.044
38.52999914	0.043
38.56999914	0.042
38.67999914	0.041
38.77999913	0.04
38.84999913	0.039
39.02999913	0.038
39.18999912	0.037
39.59999911	0.036
39.97999911	0.035
40.0599991	0.034
40.2799991	0.033
40.3199991	0.032
40.3199991	0.031
40.90999909	0.03
41.72999907	0.029
42.29999905	0.028
42.84999904	0.027
43.10999904	0.026
43.43999903	0.025
44.28999901	0.024
44.98999899	0.023
45.29999899	0.022
47.82999893	0.021
47.93999893	0.02
48.19999892	0.019
48.24999892	0.018
49.0899989	0.017
49.98999888	0.016
50.05999888	0.015
51.16999886	0.014
51.27999885	0.013
51.28999885	0.012
53.7099988	0.011
54.22999879	0.01
57.35999872	0.009
57.54999871	0.008
57.91999871	0.007
58.1099987	0.006
66.75999851	0.005
67.39999849	0.004
67.98999848	0.003
72.52999838	0.002
74.24999834	0.001
76.43999829	0
