0		1
0.769999983	0.999
0.849999981	0.998
0.849999981	0.997
0.859999981	0.996
0.859999981	0.995
0.869999981	0.994
0.869999981	0.993
0.869999981	0.992
0.87999998	0.991
0.89999998	0.99
0.919999979	0.989
0.949999979	0.988
0.949999979	0.987
0.949999979	0.986
0.969999978	0.985
0.969999978	0.984
0.989999978	0.983
0.989999978	0.982
1.009999977	0.981
1.009999977	0.98
1.019999977	0.979
1.019999977	0.978
1.019999977	0.977
1.019999977	0.976
1.039999977	0.975
1.039999977	0.974
1.039999977	0.973
1.049999977	0.972
1.049999977	0.971
1.069999976	0.97
1.079999976	0.969
1.079999976	0.968
1.089999976	0.967
1.099999975	0.966
1.099999975	0.965
1.099999975	0.964
1.109999975	0.963
1.129999975	0.962
1.129999975	0.961
1.129999975	0.96
1.149999974	0.959
1.149999974	0.958
1.159999974	0.957
1.159999974	0.956
1.159999974	0.955
1.169999974	0.954
1.179999974	0.953
1.189999973	0.952
1.189999973	0.951
1.199999973	0.95
1.199999973	0.949
1.209999973	0.948
1.219999973	0.947
1.229999972	0.946
1.229999972	0.945
1.249999972	0.944
1.259999972	0.943
1.259999972	0.942
1.259999972	0.941
1.269999972	0.94
1.269999972	0.939
1.279999971	0.938
1.279999971	0.937
1.279999971	0.936
1.299999971	0.935
1.299999971	0.934
1.299999971	0.933
1.309999971	0.932
1.309999971	0.931
1.309999971	0.93
1.309999971	0.929
1.319999971	0.928
1.319999971	0.927
1.319999971	0.926
1.319999971	0.925
1.319999971	0.924
1.33999997	0.923
1.33999997	0.922
1.33999997	0.921
1.33999997	0.92
1.34999997	0.919
1.34999997	0.918
1.35999997	0.917
1.35999997	0.916
1.369999969	0.915
1.379999969	0.914
1.379999969	0.913
1.379999969	0.912
1.389999969	0.911
1.399999969	0.91
1.399999969	0.909
1.399999969	0.908
1.399999969	0.907
1.419999968	0.906
1.429999968	0.905
1.449999968	0.904
1.449999968	0.903
1.449999968	0.902
1.459999967	0.901
1.469999967	0.9
1.469999967	0.899
1.469999967	0.898
1.479999967	0.897
1.479999967	0.896
1.479999967	0.895
1.489999967	0.894
1.489999967	0.893
1.489999967	0.892
1.509999966	0.891
1.509999966	0.89
1.519999966	0.889
1.519999966	0.888
1.519999966	0.887
1.529999966	0.886
1.529999966	0.885
1.529999966	0.884
1.529999966	0.883
1.539999966	0.882
1.539999966	0.881
1.549999965	0.88
1.549999965	0.879
1.559999965	0.878
1.559999965	0.877
1.559999965	0.876
1.579999965	0.875
1.599999964	0.874
1.599999964	0.873
1.599999964	0.872
1.609999964	0.871
1.619999964	0.87
1.619999964	0.869
1.619999964	0.868
1.619999964	0.867
1.629999964	0.866
1.629999964	0.865
1.639999963	0.864
1.649999963	0.863
1.649999963	0.862
1.659999963	0.861
1.659999963	0.86
1.659999963	0.859
1.659999963	0.858
1.669999963	0.857
1.669999963	0.856
1.679999962	0.855
1.689999962	0.854
1.689999962	0.853
1.689999962	0.852
1.699999962	0.851
1.699999962	0.85
1.699999962	0.849
1.699999962	0.848
1.709999962	0.847
1.709999962	0.846
1.719999962	0.845
1.729999961	0.844
1.729999961	0.843
1.739999961	0.842
1.749999961	0.841
1.749999961	0.84
1.759999961	0.839
1.759999961	0.838
1.76999996	0.837
1.76999996	0.836
1.76999996	0.835
1.76999996	0.834
1.76999996	0.833
1.77999996	0.832
1.77999996	0.831
1.77999996	0.83
1.77999996	0.829
1.78999996	0.828
1.78999996	0.827
1.79999996	0.826
1.79999996	0.825
1.80999996	0.824
1.80999996	0.823
1.829999959	0.822
1.829999959	0.821
1.839999959	0.82
1.839999959	0.819
1.849999959	0.818
1.849999959	0.817
1.859999958	0.816
1.859999958	0.815
1.869999958	0.814
1.889999958	0.813
1.899999957	0.812
1.899999957	0.811
1.899999957	0.81
1.919999957	0.809
1.929999957	0.808
1.929999957	0.807
1.939999957	0.806
1.939999957	0.805
1.949999956	0.804
1.949999956	0.803
1.949999956	0.802
1.949999956	0.801
1.959999956	0.8
1.969999956	0.799
1.969999956	0.798
1.979999956	0.797
1.979999956	0.796
1.979999956	0.795
1.979999956	0.794
1.999999955	0.793
1.999999955	0.792
1.999999955	0.791
1.999999955	0.79
1.999999955	0.789
2.009999955	0.788
2.019999955	0.787
2.019999955	0.786
2.019999955	0.785
2.019999955	0.784
2.029999955	0.783
2.039999954	0.782
2.039999954	0.781
2.049999954	0.78
2.049999954	0.779
2.059999954	0.778
2.069999954	0.777
2.069999954	0.776
2.099999953	0.775
2.099999953	0.774
2.109999953	0.773
2.109999953	0.772
2.119999953	0.771
2.139999952	0.77
2.149999952	0.769
2.159999952	0.768
2.159999952	0.767
2.169999951	0.766
2.169999951	0.765
2.189999951	0.764
2.199999951	0.763
2.199999951	0.762
2.21999995	0.761
2.22999995	0.76
2.23999995	0.759
2.23999995	0.758
2.23999995	0.757
2.24999995	0.756
2.24999995	0.755
2.24999995	0.754
2.24999995	0.753
2.279999949	0.752
2.289999949	0.751
2.309999948	0.75
2.339999948	0.749
2.339999948	0.748
2.349999948	0.747
2.359999947	0.746
2.359999947	0.745
2.359999947	0.744
2.369999947	0.743
2.369999947	0.742
2.399999946	0.741
2.399999946	0.74
2.399999946	0.739
2.409999946	0.738
2.439999945	0.737
2.439999945	0.736
2.459999945	0.735
2.459999945	0.734
2.459999945	0.733
2.469999945	0.732
2.479999945	0.731
2.479999945	0.73
2.479999945	0.729
2.479999945	0.728
2.499999944	0.727
2.499999944	0.726
2.499999944	0.725
2.509999944	0.724
2.509999944	0.723
2.509999944	0.722
2.509999944	0.721
2.509999944	0.72
2.529999944	0.719
2.559999943	0.718
2.589999942	0.717
2.589999942	0.716
2.589999942	0.715
2.599999942	0.714
2.599999942	0.713
2.609999942	0.712
2.639999941	0.711
2.649999941	0.71
2.66999994	0.709
2.67999994	0.708
2.68999994	0.707
2.69999994	0.706
2.69999994	0.705
2.719999939	0.704
2.739999939	0.703
2.759999938	0.702
2.759999938	0.701
2.769999938	0.7
2.789999938	0.699
2.799999937	0.698
2.819999937	0.697
2.819999937	0.696
2.829999937	0.695
2.839999936	0.694
2.849999936	0.693
2.859999936	0.692
2.869999936	0.691
2.869999936	0.69
2.879999936	0.689
2.879999936	0.688
2.889999935	0.687
2.899999935	0.686
2.909999935	0.685
2.919999935	0.684
2.929999935	0.683
2.939999934	0.682
2.949999934	0.681
2.959999934	0.68
2.959999934	0.679
2.989999933	0.678
2.999999933	0.677
2.999999933	0.676
2.999999933	0.675
3.009999933	0.674
3.019999933	0.673
3.029999932	0.672
3.039999932	0.671
3.039999932	0.67
3.039999932	0.669
3.089999931	0.668
3.11999993	0.667
3.11999993	0.666
3.14999993	0.665
3.169999929	0.664
3.179999929	0.663
3.179999929	0.662
3.189999929	0.661
3.199999929	0.66
3.209999928	0.659
3.229999928	0.658
3.229999928	0.657
3.229999928	0.656
3.239999928	0.655
3.259999927	0.654
3.269999927	0.653
3.289999927	0.652
3.289999927	0.651
3.299999926	0.65
3.319999926	0.649
3.329999926	0.648
3.359999925	0.647
3.379999924	0.646
3.379999924	0.645
3.379999924	0.644
3.379999924	0.643
3.389999924	0.642
3.399999924	0.641
3.399999924	0.64
3.459999923	0.639
3.489999922	0.638
3.519999921	0.637
3.529999921	0.636
3.539999921	0.635
3.539999921	0.634
3.55999992	0.633
3.55999992	0.632
3.57999992	0.631
3.59999992	0.63
3.59999992	0.629
3.609999919	0.628
3.609999919	0.627
3.619999919	0.626
3.629999919	0.625
3.629999919	0.624
3.639999919	0.623
3.689999917	0.622
3.739999916	0.621
3.749999916	0.62
3.749999916	0.619
3.769999916	0.618
3.809999915	0.617
3.819999915	0.616
3.819999915	0.615
3.839999914	0.614
3.849999914	0.613
3.849999914	0.612
3.849999914	0.611
3.899999913	0.61
3.919999912	0.609
4.00999991	0.608
4.03999991	0.607
4.079999909	0.606
4.089999909	0.605
4.089999909	0.604
4.099999908	0.603
4.119999908	0.602
4.149999907	0.601
4.229999905	0.6
4.229999905	0.599
4.269999905	0.598
4.299999904	0.597
4.319999903	0.596
4.329999903	0.595
4.389999902	0.594
4.4499999	0.593
4.4899999	0.592
4.499999899	0.591
4.499999899	0.59
4.499999899	0.589
4.509999899	0.588
4.539999898	0.587
4.569999898	0.586
4.669999896	0.585
4.669999896	0.584
4.749999894	0.583
4.789999893	0.582
4.819999892	0.581
4.819999892	0.58
4.859999891	0.579
4.869999891	0.578
4.889999891	0.577
4.90999989	0.576
4.91999989	0.575
4.93999989	0.574
4.989999888	0.573
4.989999888	0.572
4.989999888	0.571
5.059999887	0.57
5.059999887	0.569
5.059999887	0.568
5.069999887	0.567
5.099999886	0.566
5.139999885	0.565
5.169999884	0.564
5.299999881	0.563
5.299999881	0.562
5.37999988	0.561
5.37999988	0.56
5.399999879	0.559
5.429999879	0.558
5.449999878	0.557
5.469999878	0.556
5.499999877	0.555
5.509999877	0.554
5.519999877	0.553
5.539999876	0.552
5.539999876	0.551
5.599999875	0.55
5.599999875	0.549
5.649999874	0.548
5.649999874	0.547
5.669999873	0.546
5.679999873	0.545
5.779999871	0.544
5.779999871	0.543
5.779999871	0.542
5.80999987	0.541
5.859999869	0.54
5.879999869	0.539
5.899999868	0.538
5.919999868	0.537
5.949999867	0.536
5.959999867	0.535
5.959999867	0.534
5.969999867	0.533
5.989999866	0.532
5.999999866	0.531
6.009999866	0.53
6.009999866	0.529
6.019999865	0.528
6.029999865	0.527
6.029999865	0.526
6.029999865	0.525
6.039999865	0.524
6.059999864	0.523
6.069999864	0.522
6.119999863	0.521
6.119999863	0.52
6.119999863	0.519
6.169999862	0.518
6.219999861	0.517
6.219999861	0.516
6.25999986	0.515
6.27999986	0.514
6.319999859	0.513
6.359999858	0.512
6.379999857	0.511
6.399999857	0.51
6.449999856	0.509
6.459999856	0.508
6.469999855	0.507
6.499999855	0.506
6.509999855	0.505
6.519999854	0.504
6.529999854	0.503
6.609999852	0.502
6.659999851	0.501
6.659999851	0.5
6.679999851	0.499
6.68999985	0.498
6.70999985	0.497
6.749999849	0.496
6.749999849	0.495
6.759999849	0.494
6.769999849	0.493
6.809999848	0.492
6.819999848	0.491
6.839999847	0.49
6.929999845	0.489
6.939999845	0.488
6.949999845	0.487
6.979999844	0.486
7.069999842	0.485
7.099999841	0.484
7.249999838	0.483
7.259999838	0.482
7.279999837	0.481
7.289999837	0.48
7.339999836	0.479
7.369999835	0.478
7.419999834	0.477
7.429999834	0.476
7.449999833	0.475
7.509999832	0.474
7.509999832	0.473
7.529999832	0.472
7.579999831	0.471
7.58999983	0.47
7.59999983	0.469
7.60999983	0.468
7.61999983	0.467
7.61999983	0.466
7.62999983	0.465
7.689999828	0.464
7.699999828	0.463
7.729999827	0.462
7.739999827	0.461
7.789999826	0.46
7.819999825	0.459
7.859999824	0.458
7.919999823	0.457
7.959999822	0.456
7.969999822	0.455
7.989999821	0.454
8.06999982	0.453
8.149999818	0.452
8.149999818	0.451
8.169999817	0.45
8.249999816	0.449
8.249999816	0.448
8.269999815	0.447
8.279999815	0.446
8.339999814	0.445
8.439999811	0.444
8.50999981	0.443
8.50999981	0.442
8.51999981	0.441
8.649999807	0.44
8.659999806	0.439
8.789999804	0.438
8.869999802	0.437
8.869999802	0.436
9.059999797	0.435
9.119999796	0.434
9.129999796	0.433
9.139999796	0.432
9.159999795	0.431
9.239999793	0.43
9.319999792	0.429
9.369999791	0.428
9.37999979	0.427
9.499999788	0.426
9.519999787	0.425
9.539999787	0.424
9.549999787	0.423
9.619999785	0.422
9.699999783	0.421
9.709999783	0.42
9.749999782	0.419
9.759999782	0.418
9.769999782	0.417
9.83999978	0.416
9.83999978	0.415
9.989999777	0.414
10.01999978	0.413
10.01999978	0.412
10.03999978	0.411
10.18999977	0.41
10.19999977	0.409
10.20999977	0.408
10.21999977	0.407
10.25999977	0.406
10.35999977	0.405
10.41999977	0.404
10.41999977	0.403
10.47999977	0.402
10.54999976	0.401
10.56999976	0.4
10.65999976	0.399
10.68999976	0.398
10.68999976	0.397
10.70999976	0.396
10.75999976	0.395
10.75999976	0.394
10.76999976	0.393
10.76999976	0.392
10.78999976	0.391
10.80999976	0.39
10.89999976	0.389
10.92999976	0.388
10.96999975	0.387
10.98999975	0.386
11.00999975	0.385
11.02999975	0.384
11.02999975	0.383
11.03999975	0.382
11.06999975	0.381
11.11999975	0.38
11.13999975	0.379
11.21999975	0.378
11.23999975	0.377
11.24999975	0.376
11.26999975	0.375
11.26999975	0.374
11.27999975	0.373
11.28999975	0.372
11.29999975	0.371
11.31999975	0.37
11.38999975	0.369
11.38999975	0.368
11.38999975	0.367
11.41999974	0.366
11.41999974	0.365
11.42999974	0.364
11.43999974	0.363
11.54999974	0.362
11.55999974	0.361
11.57999974	0.36
11.78999974	0.359
11.82999974	0.358
11.86999973	0.357
11.87999973	0.356
11.91999973	0.355
11.93999973	0.354
11.93999973	0.353
11.96999973	0.352
12.03999973	0.351
12.03999973	0.35
12.21999973	0.349
12.22999973	0.348
12.24999973	0.347
12.30999972	0.346
12.35999972	0.345
12.37999972	0.344
12.45999972	0.343
12.66999972	0.342
12.66999972	0.341
12.80999971	0.34
12.81999971	0.339
12.83999971	0.338
12.83999971	0.337
12.84999971	0.336
12.88999971	0.335
12.91999971	0.334
12.94999971	0.333
12.97999971	0.332
13.02999971	0.331
13.10999971	0.33
13.13999971	0.329
13.14999971	0.328
13.15999971	0.327
13.2099997	0.326
13.2499997	0.325
13.2999997	0.324
13.3899997	0.323
13.4499997	0.322
13.4499997	0.321
13.4899997	0.32
13.5899997	0.319
13.5899997	0.318
13.5999997	0.317
13.6199997	0.316
13.64999969	0.315
13.70999969	0.314
13.82999969	0.313
13.83999969	0.312
13.88999969	0.311
13.94999969	0.31
13.99999969	0.309
14.03999969	0.308
14.04999969	0.307
14.12999968	0.306
14.20999968	0.305
14.26999968	0.304
14.27999968	0.303
14.38999968	0.302
14.45999968	0.301
14.45999968	0.3
14.48999968	0.299
14.52999968	0.298
14.54999967	0.297
14.57999967	0.296
14.60999967	0.295
14.60999967	0.294
14.69999967	0.293
14.72999967	0.292
14.79999967	0.291
14.82999967	0.29
14.84999967	0.289
14.85999967	0.288
14.91999967	0.287
14.91999967	0.286
14.91999967	0.285
14.92999967	0.284
14.94999967	0.283
14.97999967	0.282
14.98999966	0.281
15.02999966	0.28
15.10999966	0.279
15.11999966	0.278
15.21999966	0.277
15.30999966	0.276
15.30999966	0.275
15.34999966	0.274
15.37999966	0.273
15.38999966	0.272
15.43999965	0.271
15.48999965	0.27
15.55999965	0.269
15.65999965	0.268
15.68999965	0.267
15.71999965	0.266
15.80999965	0.265
15.81999965	0.264
15.89999964	0.263
15.90999964	0.262
15.95999964	0.261
15.95999964	0.26
15.96999964	0.259
15.97999964	0.258
16.12999964	0.257
16.18999964	0.256
16.23999964	0.255
16.31999964	0.254
16.32999964	0.253
16.41999963	0.252
16.45999963	0.251
16.46999963	0.25
16.46999963	0.249
16.64999963	0.248
16.65999963	0.247
16.65999963	0.246
16.66999963	0.245
16.67999963	0.244
16.69999963	0.243
16.80999962	0.242
16.82999962	0.241
16.83999962	0.24
16.86999962	0.239
16.98999962	0.238
17.04999962	0.237
17.07999962	0.236
17.11999962	0.235
17.13999962	0.234
17.17999962	0.233
17.23999961	0.232
17.37999961	0.231
17.41999961	0.23
17.42999961	0.229
17.48999961	0.228
17.60999961	0.227
17.60999961	0.226
17.6899996	0.225
17.6899996	0.224
17.7899996	0.223
17.8099996	0.222
17.8099996	0.221
17.8399996	0.22
17.8499996	0.219
17.8599996	0.218
17.9099996	0.217
17.9099996	0.216
17.9199996	0.215
17.9599996	0.214
17.9699996	0.213
18.0099996	0.212
18.0299996	0.211
18.0599996	0.21
18.0999996	0.209
18.20999959	0.208
18.24999959	0.207
18.29999959	0.206
18.30999959	0.205
18.44999959	0.204
18.48999959	0.203
18.53999959	0.202
18.61999958	0.201
18.61999958	0.2
18.63999958	0.199
18.73999958	0.198
18.74999958	0.197
18.75999958	0.196
18.76999958	0.195
18.76999958	0.194
18.81999958	0.193
18.81999958	0.192
18.93999958	0.191
19.10999957	0.19
19.21999957	0.189
19.25999957	0.188
19.42999957	0.187
19.47999956	0.186
19.47999956	0.185
19.48999956	0.184
19.52999956	0.183
19.52999956	0.182
19.57999956	0.181
19.77999956	0.18
19.81999956	0.179
19.82999956	0.178
19.89999956	0.177
19.95999955	0.176
19.97999955	0.175
19.98999955	0.174
20.11999955	0.173
20.26999955	0.172
20.34999955	0.171
20.39999954	0.17
20.46999954	0.169
20.46999954	0.168
20.52999954	0.167
20.65999954	0.166
20.70999954	0.165
20.85999953	0.164
20.86999953	0.163
20.91999953	0.162
20.98999953	0.161
21.26999952	0.16
21.31999952	0.159
21.37999952	0.158
21.47999952	0.157
21.56999952	0.156
21.57999952	0.155
21.59999952	0.154
21.71999951	0.153
21.79999951	0.152
21.95999951	0.151
21.98999951	0.15
22.04999951	0.149
22.06999951	0.148
22.08999951	0.147
22.08999951	0.146
22.10999951	0.145
22.13999951	0.144
22.1799995	0.143
22.2099995	0.142
22.3099995	0.141
22.3299995	0.14
22.4899995	0.139
22.74999949	0.138
22.83999949	0.137
22.95999949	0.136
22.99999949	0.135
23.06999948	0.134
23.10999948	0.133
23.41999948	0.132
23.45999948	0.131
23.64999947	0.13
23.66999947	0.129
23.67999947	0.128
23.73999947	0.127
23.95999946	0.126
24.09999946	0.125
24.11999946	0.124
24.23999946	0.123
24.31999946	0.122
24.39999945	0.121
24.53999945	0.12
24.63999945	0.119
24.68999945	0.118
24.69999945	0.117
24.71999945	0.116
24.87999944	0.115
24.89999944	0.114
25.18999944	0.113
25.21999944	0.112
25.30999943	0.111
25.33999943	0.11
25.65999943	0.109
25.65999943	0.108
25.70999943	0.107
25.76999942	0.106
25.85999942	0.105
25.86999942	0.104
25.91999942	0.103
26.03999942	0.102
26.05999942	0.101
26.20999941	0.1
26.39999941	0.099
26.7299994	0.098
26.7799994	0.097
26.7999994	0.096
26.8999994	0.095
26.9299994	0.094
27.06999939	0.093
27.19999939	0.092
27.44999939	0.091
27.53999938	0.09
27.78999938	0.089
28.04999937	0.088
28.07999937	0.087
28.44999936	0.086
28.93999935	0.085
29.20999935	0.084
29.44999934	0.083
29.65999934	0.082
30.03999933	0.081
30.37999932	0.08
30.70999931	0.079
30.89999931	0.078
30.97999931	0.077
30.98999931	0.076
31.2699993	0.075
31.3499993	0.074
31.59999929	0.073
31.72999929	0.072
31.79999929	0.071
31.79999929	0.07
31.88999929	0.069
31.91999929	0.068
32.00999928	0.067
32.06999928	0.066
32.13999928	0.065
32.34999928	0.064
32.38999928	0.063
32.54999927	0.062
32.59999927	0.061
32.61999927	0.06
32.64999927	0.059
32.79999927	0.058
32.80999927	0.057
33.09999926	0.056
33.47999925	0.055
33.63999925	0.054
33.66999925	0.053
33.75999925	0.052
33.90999924	0.051
33.96999924	0.05
33.96999924	0.049
34.39999923	0.048
34.59999923	0.047
34.74999922	0.046
34.77999922	0.045
35.27999921	0.044
35.50999921	0.043
35.7199992	0.042
35.9599992	0.041
36.15999919	0.04
36.85999918	0.039
36.95999917	0.038
37.10999917	0.037
37.15999917	0.036
37.37999916	0.035
37.38999916	0.034
38.18999915	0.033
38.42999914	0.032
38.99999913	0.031
39.13999913	0.03
39.68999911	0.029
40.3499991	0.028
40.4699991	0.027
41.37999908	0.026
41.59999907	0.025
41.99999906	0.024
42.33999905	0.023
42.58999905	0.022
42.91999904	0.021
43.71999902	0.02
44.06999902	0.019
44.719999	0.018
45.64999898	0.017
46.81999895	0.016
47.52999894	0.015
47.52999894	0.014
48.84999891	0.013
48.92999891	0.012
49.49999889	0.011
49.90999888	0.01
50.30999888	0.009
51.34999885	0.008
51.34999885	0.007
52.31999883	0.006
52.86999882	0.005
55.49999876	0.004
55.84999875	0.003
59.30999867	0.002
63.45999858	0.001
67.2799985	0
