0	        1
0.699999984	0.999
0.849999981	0.998
0.859999981	0.997
0.87999998	0.996
0.88999998	0.995
0.90999998	0.994
0.90999998	0.993
0.979999978	0.992
0.989999978	0.991
0.989999978	0.99
0.999999978	0.989
0.999999978	0.988
1.009999977	0.987
1.019999977	0.986
1.019999977	0.985
1.029999977	0.984
1.049999977	0.983
1.069999976	0.982
1.069999976	0.981
1.069999976	0.98
1.069999976	0.979
1.079999976	0.978
1.089999976	0.977
1.109999975	0.976
1.119999975	0.975
1.129999975	0.974
1.129999975	0.973
1.139999975	0.972
1.139999975	0.971
1.149999974	0.97
1.149999974	0.969
1.149999974	0.968
1.169999974	0.967
1.169999974	0.966
1.169999974	0.965
1.179999974	0.964
1.189999973	0.963
1.199999973	0.962
1.199999973	0.961
1.209999973	0.96
1.209999973	0.959
1.209999973	0.958
1.209999973	0.957
1.219999973	0.956
1.219999973	0.955
1.229999972	0.954
1.229999972	0.953
1.229999972	0.952
1.249999972	0.951
1.249999972	0.95
1.249999972	0.949
1.259999972	0.948
1.269999972	0.947
1.279999971	0.946
1.279999971	0.945
1.279999971	0.944
1.289999971	0.943
1.289999971	0.942
1.289999971	0.941
1.299999971	0.94
1.299999971	0.939
1.299999971	0.938
1.309999971	0.937
1.309999971	0.936
1.309999971	0.935
1.309999971	0.934
1.32999997	0.933
1.33999997	0.932
1.33999997	0.931
1.35999997	0.93
1.35999997	0.929
1.35999997	0.928
1.379999969	0.927
1.389999969	0.926
1.389999969	0.925
1.409999969	0.924
1.419999968	0.923
1.419999968	0.922
1.429999968	0.921
1.429999968	0.92
1.429999968	0.919
1.439999968	0.918
1.439999968	0.917
1.439999968	0.916
1.449999968	0.915
1.459999967	0.914
1.459999967	0.913
1.459999967	0.912
1.459999967	0.911
1.459999967	0.91
1.459999967	0.909
1.469999967	0.908
1.469999967	0.907
1.479999967	0.906
1.489999967	0.905
1.499999966	0.904
1.499999966	0.903
1.499999966	0.902
1.499999966	0.901
1.509999966	0.9
1.509999966	0.899
1.519999966	0.898
1.519999966	0.897
1.519999966	0.896
1.519999966	0.895
1.519999966	0.894
1.519999966	0.893
1.519999966	0.892
1.529999966	0.891
1.529999966	0.89
1.529999966	0.889
1.549999965	0.888
1.559999965	0.887
1.579999965	0.886
1.579999965	0.885
1.579999965	0.884
1.589999965	0.883
1.609999964	0.882
1.609999964	0.881
1.609999964	0.88
1.609999964	0.879
1.619999964	0.878
1.619999964	0.877
1.629999964	0.876
1.629999964	0.875
1.639999963	0.874
1.639999963	0.873
1.639999963	0.872
1.669999963	0.871
1.669999963	0.87
1.669999963	0.869
1.669999963	0.868
1.679999962	0.867
1.679999962	0.866
1.689999962	0.865
1.689999962	0.864
1.709999962	0.863
1.719999962	0.862
1.719999962	0.861
1.729999961	0.86
1.739999961	0.859
1.739999961	0.858
1.759999961	0.857
1.76999996	0.856
1.76999996	0.855
1.77999996	0.854
1.78999996	0.853
1.79999996	0.852
1.79999996	0.851
1.80999996	0.85
1.80999996	0.849
1.819999959	0.848
1.839999959	0.847
1.849999959	0.846
1.849999959	0.845
1.859999958	0.844
1.859999958	0.843
1.859999958	0.842
1.859999958	0.841
1.869999958	0.84
1.869999958	0.839
1.879999958	0.838
1.889999958	0.837
1.899999957	0.836
1.909999957	0.835
1.919999957	0.834
1.919999957	0.833
1.919999957	0.832
1.919999957	0.831
1.929999957	0.83
1.949999956	0.829
1.949999956	0.828
1.949999956	0.827
1.959999956	0.826
1.959999956	0.825
1.959999956	0.824
1.969999956	0.823
1.969999956	0.822
1.979999956	0.821
1.979999956	0.82
1.989999956	0.819
1.999999955	0.818
1.999999955	0.817
2.009999955	0.816
2.009999955	0.815
2.019999955	0.814
2.029999955	0.813
2.039999954	0.812
2.039999954	0.811
2.049999954	0.81
2.059999954	0.809
2.059999954	0.808
2.059999954	0.807
2.069999954	0.806
2.079999954	0.805
2.079999954	0.804
2.089999953	0.803
2.089999953	0.802
2.109999953	0.801
2.109999953	0.8
2.109999953	0.799
2.119999953	0.798
2.129999952	0.797
2.139999952	0.796
2.139999952	0.795
2.159999952	0.794
2.169999951	0.793
2.169999951	0.792
2.199999951	0.791
2.209999951	0.79
2.209999951	0.789
2.209999951	0.788
2.209999951	0.787
2.21999995	0.786
2.21999995	0.785
2.23999995	0.784
2.24999995	0.783
2.24999995	0.782
2.269999949	0.781
2.279999949	0.78
2.299999949	0.779
2.299999949	0.778
2.309999948	0.777
2.309999948	0.776
2.319999948	0.775
2.329999948	0.774
2.329999948	0.773
2.329999948	0.772
2.339999948	0.771
2.339999948	0.77
2.339999948	0.769
2.349999948	0.768
2.359999947	0.767
2.359999947	0.766
2.399999946	0.765
2.399999946	0.764
2.399999946	0.763
2.409999946	0.762
2.419999946	0.761
2.429999946	0.76
2.429999946	0.759
2.439999945	0.758
2.439999945	0.757
2.479999945	0.756
2.479999945	0.755
2.489999944	0.754
2.489999944	0.753
2.499999944	0.752
2.499999944	0.751
2.499999944	0.75
2.509999944	0.749
2.509999944	0.748
2.519999944	0.747
2.519999944	0.746
2.529999944	0.745
2.529999944	0.744
2.529999944	0.743
2.559999943	0.742
2.569999943	0.741
2.579999942	0.74
2.579999942	0.739
2.579999942	0.738
2.579999942	0.737
2.609999942	0.736
2.619999941	0.735
2.629999941	0.734
2.629999941	0.733
2.629999941	0.732
2.649999941	0.731
2.66999994	0.73
2.68999994	0.729
2.68999994	0.728
2.68999994	0.727
2.68999994	0.726
2.709999939	0.725
2.709999939	0.724
2.729999939	0.723
2.729999939	0.722
2.729999939	0.721
2.749999938	0.72
2.749999938	0.719
2.759999938	0.718
2.779999938	0.717
2.779999938	0.716
2.789999938	0.715
2.799999937	0.714
2.799999937	0.713
2.799999937	0.712
2.809999937	0.711
2.829999937	0.71
2.829999937	0.709
2.849999936	0.708
2.849999936	0.707
2.869999936	0.706
2.869999936	0.705
2.879999936	0.704
2.879999936	0.703
2.889999935	0.702
2.899999935	0.701
2.919999935	0.7
2.919999935	0.699
2.939999934	0.698
2.949999934	0.697
2.949999934	0.696
2.959999934	0.695
2.969999934	0.694
2.989999933	0.693
2.989999933	0.692
3.009999933	0.691
3.009999933	0.69
3.019999933	0.689
3.029999932	0.688
3.059999932	0.687
3.069999931	0.686
3.079999931	0.685
3.089999931	0.684
3.089999931	0.683
3.099999931	0.682
3.10999993	0.681
3.12999993	0.68
3.159999929	0.679
3.169999929	0.678
3.249999927	0.677
3.259999927	0.676
3.279999927	0.675
3.279999927	0.674
3.309999926	0.673
3.319999926	0.672
3.319999926	0.671
3.409999924	0.67
3.449999923	0.669
3.459999923	0.668
3.479999922	0.667
3.529999921	0.666
3.539999921	0.665
3.549999921	0.664
3.549999921	0.663
3.549999921	0.662
3.55999992	0.661
3.59999992	0.66
3.609999919	0.659
3.639999919	0.658
3.649999918	0.657
3.679999918	0.656
3.699999917	0.655
3.709999917	0.654
3.759999916	0.653
3.779999915	0.652
3.809999915	0.651
3.819999915	0.65
3.879999913	0.649
3.889999913	0.648
3.899999913	0.647
3.919999912	0.646
3.939999912	0.645
3.959999912	0.644
3.969999911	0.643
3.969999911	0.642
3.969999911	0.641
3.979999911	0.64
3.979999911	0.639
3.999999911	0.638
4.00999991	0.637
4.03999991	0.636
4.03999991	0.635
4.059999909	0.634
4.069999909	0.633
4.069999909	0.632
4.079999909	0.631
4.079999909	0.63
4.089999909	0.629
4.099999908	0.628
4.099999908	0.627
4.129999908	0.626
4.129999908	0.625
4.129999908	0.624
4.139999908	0.623
4.169999907	0.622
4.199999906	0.621
4.209999906	0.62
4.219999906	0.619
4.239999905	0.618
4.299999904	0.617
4.309999904	0.616
4.309999904	0.615
4.369999902	0.614
4.389999902	0.613
4.389999902	0.612
4.419999901	0.611
4.419999901	0.61
4.419999901	0.609
4.429999901	0.608
4.429999901	0.607
4.4599999	0.606
4.4699999	0.605
4.4699999	0.604
4.4799999	0.603
4.499999899	0.602
4.499999899	0.601
4.509999899	0.6
4.509999899	0.599
4.509999899	0.598
4.519999899	0.597
4.569999898	0.596
4.569999898	0.595
4.579999898	0.594
4.609999897	0.593
4.609999897	0.592
4.619999897	0.591
4.619999897	0.59
4.629999897	0.589
4.639999896	0.588
4.639999896	0.587
4.649999896	0.586
4.659999896	0.585
4.749999894	0.584
4.749999894	0.583
4.849999892	0.582
4.869999891	0.581
4.879999891	0.58
4.92999989	0.579
4.949999889	0.578
4.989999888	0.577
5.049999887	0.576
5.079999886	0.575
5.089999886	0.574
5.129999885	0.573
5.149999885	0.572
5.229999883	0.571
5.249999883	0.57
5.249999883	0.569
5.279999882	0.568
5.289999882	0.567
5.299999881	0.566
5.319999881	0.565
5.329999881	0.564
5.339999881	0.563
5.339999881	0.562
5.419999879	0.561
5.459999878	0.56
5.459999878	0.559
5.509999877	0.558
5.519999877	0.557
5.519999877	0.556
5.539999876	0.555
5.539999876	0.554
5.559999876	0.553
5.569999875	0.552
5.579999875	0.551
5.669999873	0.55
5.689999873	0.549
5.689999873	0.548
5.779999871	0.547
5.789999871	0.546
5.81999987	0.545
5.859999869	0.544
5.879999869	0.543
5.899999868	0.542
5.899999868	0.541
5.939999867	0.54
5.959999867	0.539
5.969999867	0.538
5.969999867	0.537
5.979999866	0.536
6.019999865	0.535
6.019999865	0.534
6.029999865	0.533
6.039999865	0.532
6.039999865	0.531
6.049999865	0.53
6.139999863	0.529
6.159999862	0.528
6.169999862	0.527
6.179999862	0.526
6.209999861	0.525
6.219999861	0.524
6.239999861	0.523
6.239999861	0.522
6.239999861	0.521
6.289999859	0.52
6.289999859	0.519
6.319999859	0.518
6.339999858	0.517
6.349999858	0.516
6.349999858	0.515
6.359999858	0.514
6.369999858	0.513
6.379999857	0.512
6.389999857	0.511
6.419999856	0.51
6.429999856	0.509
6.449999856	0.508
6.469999855	0.507
6.479999855	0.506
6.529999854	0.505
6.539999854	0.504
6.639999852	0.503
6.669999851	0.502
6.69999985	0.501
6.69999985	0.5
6.71999985	0.499
6.72999985	0.498
6.849999847	0.497
6.899999846	0.496
6.909999845	0.495
6.909999845	0.494
6.919999845	0.493
6.919999845	0.492
6.979999844	0.491
6.999999844	0.49
7.019999843	0.489
7.039999843	0.488
7.049999842	0.487
7.059999842	0.486
7.089999842	0.485
7.129999841	0.484
7.14999984	0.483
7.15999984	0.482
7.239999838	0.481
7.249999838	0.48
7.259999838	0.479
7.279999837	0.478
7.279999837	0.477
7.309999837	0.476
7.359999836	0.475
7.449999833	0.474
7.449999833	0.473
7.459999833	0.472
7.469999833	0.471
7.469999833	0.47
7.519999832	0.469
7.669999829	0.468
7.679999828	0.467
7.709999828	0.466
7.819999825	0.465
7.839999825	0.464
7.949999822	0.463
8.009999821	0.462
8.04999982	0.461
8.05999982	0.46
8.06999982	0.459
8.06999982	0.458
8.109999819	0.457
8.199999817	0.456
8.209999816	0.455
8.239999816	0.454
8.249999816	0.453
8.249999816	0.452
8.259999815	0.451
8.299999814	0.45
8.349999813	0.449
8.369999813	0.448
8.369999813	0.447
8.409999812	0.446
8.429999812	0.445
8.439999811	0.444
8.439999811	0.443
8.48999981	0.442
8.49999981	0.441
8.50999981	0.44
8.549999809	0.439
8.629999807	0.438
8.639999807	0.437
8.779999804	0.436
8.889999801	0.435
8.909999801	0.434
8.919999801	0.433
8.9499998	0.432
8.9599998	0.431
8.989999799	0.43
8.999999799	0.429
9.039999798	0.428
9.039999798	0.427
9.039999798	0.426
9.049999798	0.425
9.289999792	0.424
9.349999791	0.423
9.359999791	0.422
9.369999791	0.421
9.37999979	0.42
9.38999979	0.419
9.38999979	0.418
9.40999979	0.417
9.439999789	0.416
9.439999789	0.415
9.449999789	0.414
9.459999789	0.413
9.509999787	0.412
9.519999787	0.411
9.549999787	0.41
9.569999786	0.409
9.609999785	0.408
9.619999785	0.407
9.659999784	0.406
9.709999783	0.405
9.779999781	0.404
9.799999781	0.403
9.969999777	0.402
10.01999978	0.401
10.02999978	0.4
10.08999977	0.399
10.11999977	0.398
10.13999977	0.397
10.14999977	0.396
10.14999977	0.395
10.22999977	0.394
10.28999977	0.393
10.32999977	0.392
10.37999977	0.391
10.41999977	0.39
10.52999976	0.389
10.69999976	0.388
10.69999976	0.387
10.72999976	0.386
10.73999976	0.385
10.74999976	0.384
10.99999975	0.383
11.01999975	0.382
11.02999975	0.381
11.10999975	0.38
11.14999975	0.379
11.16999975	0.378
11.22999975	0.377
11.24999975	0.376
11.27999975	0.375
11.31999975	0.374
11.32999975	0.373
11.40999975	0.372
11.43999974	0.371
11.55999974	0.37
11.57999974	0.369
11.62999974	0.368
11.72999974	0.367
11.87999973	0.366
12.01999973	0.365
12.04999973	0.364
12.06999973	0.363
12.06999973	0.362
12.07999973	0.361
12.21999973	0.36
12.22999973	0.359
12.26999973	0.358
12.29999973	0.357
12.38999972	0.356
12.38999972	0.355
12.43999972	0.354
12.45999972	0.353
12.47999972	0.352
12.50999972	0.351
12.58999972	0.35
12.61999972	0.349
12.75999971	0.348
12.83999971	0.347
12.84999971	0.346
12.89999971	0.345
12.90999971	0.344
12.98999971	0.343
13.00999971	0.342
13.09999971	0.341
13.10999971	0.34
13.17999971	0.339
13.2099997	0.338
13.2199997	0.337
13.2699997	0.336
13.3199997	0.335
13.3699997	0.334
13.4699997	0.333
13.5099997	0.332
13.5199997	0.331
13.5399997	0.33
13.5799997	0.329
13.68999969	0.328
13.79999969	0.327
13.80999969	0.326
13.90999969	0.325
14.13999968	0.324
14.17999968	0.323
14.22999968	0.322
14.23999968	0.321
14.24999968	0.32
14.25999968	0.319
14.29999968	0.318
14.32999968	0.317
14.47999968	0.316
14.49999968	0.315
14.51999968	0.314
14.56999967	0.313
14.56999967	0.312
14.57999967	0.311
14.60999967	0.31
14.74999967	0.309
14.79999967	0.308
14.83999967	0.307
14.85999967	0.306
14.85999967	0.305
14.88999967	0.304
14.89999967	0.303
14.99999966	0.302
15.00999966	0.301
15.02999966	0.3
15.02999966	0.299
15.04999966	0.298
15.07999966	0.297
15.13999966	0.296
15.23999966	0.295
15.23999966	0.294
15.25999966	0.293
15.34999966	0.292
15.36999966	0.291
15.36999966	0.29
15.39999966	0.289
15.48999965	0.288
15.51999965	0.287
15.56999965	0.286
15.57999965	0.285
15.57999965	0.284
15.66999965	0.283
15.67999965	0.282
15.80999965	0.281
15.81999965	0.28
15.87999965	0.279
15.96999964	0.278
16.17999964	0.277
16.23999964	0.276
16.27999964	0.275
16.27999964	0.274
16.30999964	0.273
16.30999964	0.272
16.40999963	0.271
16.47999963	0.27
16.53999963	0.269
16.56999963	0.268
16.56999963	0.267
16.60999963	0.266
16.65999963	0.265
16.69999963	0.264
16.81999962	0.263
16.85999962	0.262
16.90999962	0.261
17.00999962	0.26
17.01999962	0.259
17.01999962	0.258
17.03999962	0.257
17.06999962	0.256
17.11999962	0.255
17.11999962	0.254
17.12999962	0.253
17.20999962	0.252
17.25999961	0.251
17.26999961	0.25
17.30999961	0.249
17.40999961	0.248
17.56999961	0.247
17.64999961	0.246
17.9399996	0.245
17.9899996	0.244
17.9999996	0.243
18.0999996	0.242
18.1099996	0.241
18.18999959	0.24
18.18999959	0.239
18.46999959	0.238
18.56999958	0.237
18.58999958	0.236
18.60999958	0.235
18.72999958	0.234
18.80999958	0.233
18.84999958	0.232
18.85999958	0.231
18.94999958	0.23
19.06999957	0.229
19.11999957	0.228
19.14999957	0.227
19.25999957	0.226
19.28999957	0.225
19.29999957	0.224
19.44999957	0.223
19.51999956	0.222
19.55999956	0.221
19.66999956	0.22
19.73999956	0.219
19.74999956	0.218
19.78999956	0.217
20.23999955	0.216
20.26999955	0.215
20.27999955	0.214
20.28999955	0.213
20.31999955	0.212
20.32999955	0.211
20.33999955	0.21
20.63999954	0.209
20.67999954	0.208
20.67999954	0.207
20.68999954	0.206
20.73999954	0.205
20.76999954	0.204
20.89999953	0.203
20.90999953	0.202
20.96999953	0.201
20.97999953	0.2
20.99999953	0.199
21.00999953	0.198
21.01999953	0.197
21.14999953	0.196
21.19999953	0.195
21.25999952	0.194
21.28999952	0.193
21.34999952	0.192
21.35999952	0.191
21.47999952	0.19
21.56999952	0.189
21.60999952	0.188
21.61999952	0.187
21.63999952	0.186
21.63999952	0.185
21.63999952	0.184
21.88999951	0.183
21.91999951	0.182
21.91999951	0.181
21.94999951	0.18
21.95999951	0.179
22.02999951	0.178
22.03999951	0.177
22.06999951	0.176
22.1699995	0.175
22.1799995	0.174
22.1799995	0.173
22.3599995	0.172
22.5699995	0.171
22.59999949	0.17
22.60999949	0.169
22.70999949	0.168
22.79999949	0.167
22.81999949	0.166
22.81999949	0.165
22.84999949	0.164
22.90999949	0.163
22.92999949	0.162
22.96999949	0.161
22.98999949	0.16
22.98999949	0.159
23.03999948	0.158
23.09999948	0.157
23.18999948	0.156
23.19999948	0.155
23.27999948	0.154
23.31999948	0.153
23.37999948	0.152
23.42999948	0.151
23.43999948	0.15
23.55999947	0.149
23.65999947	0.148
23.66999947	0.147
23.69999947	0.146
23.69999947	0.145
23.88999947	0.144
23.92999947	0.143
24.00999946	0.142
24.02999946	0.141
24.11999946	0.14
24.37999946	0.139
24.40999945	0.138
24.50999945	0.137
24.63999945	0.136
24.69999945	0.135
24.91999944	0.134
25.01999944	0.133
25.08999944	0.132
25.24999944	0.131
25.57999943	0.13
25.60999943	0.129
25.63999943	0.128
25.67999943	0.127
25.79999942	0.126
25.82999942	0.125
26.00999942	0.124
26.14999942	0.123
26.19999941	0.122
26.31999941	0.121
26.41999941	0.12
26.44999941	0.119
26.46999941	0.118
26.52999941	0.117
26.55999941	0.116
26.56999941	0.115
26.57999941	0.114
26.59999941	0.113
26.60999941	0.112
26.6599994	0.111
26.9099994	0.11
27.0099994	0.109
27.20999939	0.108
27.21999939	0.107
27.27999939	0.106
27.39999939	0.105
27.51999938	0.104
27.52999938	0.103
27.55999938	0.102
27.64999938	0.101
27.79999938	0.1
27.94999938	0.099
27.99999937	0.098
28.00999937	0.097
28.24999937	0.096
28.36999937	0.095
28.40999937	0.094
28.44999936	0.093
28.50999936	0.092
28.53999936	0.091
28.65999936	0.09
28.69999936	0.089
28.88999935	0.088
28.90999935	0.087
28.92999935	0.086
29.08999935	0.085
29.30999934	0.084
29.30999934	0.083
29.33999934	0.082
29.39999934	0.081
29.44999934	0.08
29.48999934	0.079
29.60999934	0.078
29.65999934	0.077
29.79999933	0.076
30.04999933	0.075
30.10999933	0.074
30.31999932	0.073
30.39999932	0.072
30.92999931	0.071
31.03999931	0.07
31.05999931	0.069
31.4099993	0.068
31.4099993	0.067
31.59999929	0.066
31.60999929	0.065
31.63999929	0.064
31.94999929	0.063
31.99999928	0.062
32.05999928	0.061
32.09999928	0.06
32.10999928	0.059
32.31999928	0.058
32.46999927	0.057
32.60999927	0.056
32.72999927	0.055
32.99999926	0.054
33.12999926	0.053
33.14999926	0.052
33.72999925	0.051
34.85999922	0.05
34.85999922	0.049
35.00999922	0.048
35.06999922	0.047
35.17999921	0.046
35.8099992	0.045
36.19999919	0.044
36.20999919	0.043
36.37999919	0.042
36.45999919	0.041
36.55999918	0.04
37.20999917	0.039
37.22999917	0.038
37.22999917	0.037
37.75999916	0.036
37.93999915	0.035
38.50999914	0.034
38.62999914	0.033
38.68999914	0.032
38.89999913	0.031
39.20999912	0.03
39.23999912	0.029
40.3299991	0.028
40.97999908	0.027
41.52999907	0.026
42.41999905	0.025
42.47999905	0.024
42.60999905	0.023
43.16999904	0.022
43.39999903	0.021
43.64999902	0.02
43.76999902	0.019
44.01999902	0.018
44.02999902	0.017
44.08999901	0.016
44.659999	0.015
46.31999896	0.014
46.48999896	0.013
48.10999892	0.012
51.68999884	0.011
51.99999884	0.01
54.91999877	0.009
56.48999874	0.008
57.85999871	0.007
58.84999868	0.006
59.28999867	0.005
59.41999867	0.004
59.67999867	0.003
63.09999859	0.002
66.9999985	0.001
71.02999841	0
