0		1
0.789999982	0.999
0.839999981	0.998
0.869999981	0.997
0.87999998	0.996
0.88999998	0.995
0.88999998	0.994
0.89999998	0.993
0.919999979	0.992
0.919999979	0.991
0.949999979	0.99
0.999999978	0.989
1.009999977	0.988
1.019999977	0.987
1.029999977	0.986
1.039999977	0.985
1.039999977	0.984
1.039999977	0.983
1.059999976	0.982
1.069999976	0.981
1.079999976	0.98
1.089999976	0.979
1.099999975	0.978
1.119999975	0.977
1.119999975	0.976
1.129999975	0.975
1.129999975	0.974
1.129999975	0.973
1.169999974	0.972
1.179999974	0.971
1.189999973	0.97
1.209999973	0.969
1.209999973	0.968
1.209999973	0.967
1.209999973	0.966
1.219999973	0.965
1.229999972	0.964
1.229999972	0.963
1.229999972	0.962
1.229999972	0.961
1.239999972	0.96
1.239999972	0.959
1.259999972	0.958
1.269999972	0.957
1.279999971	0.956
1.279999971	0.955
1.309999971	0.954
1.309999971	0.953
1.309999971	0.952
1.32999997	0.951
1.32999997	0.95
1.32999997	0.949
1.33999997	0.948
1.34999997	0.947
1.34999997	0.946
1.35999997	0.945
1.379999969	0.944
1.389999969	0.943
1.389999969	0.942
1.389999969	0.941
1.389999969	0.94
1.399999969	0.939
1.399999969	0.938
1.399999969	0.937
1.429999968	0.936
1.439999968	0.935
1.439999968	0.934
1.439999968	0.933
1.449999968	0.932
1.449999968	0.931
1.459999967	0.93
1.469999967	0.929
1.469999967	0.928
1.489999967	0.927
1.489999967	0.926
1.489999967	0.925
1.499999966	0.924
1.499999966	0.923
1.499999966	0.922
1.499999966	0.921
1.509999966	0.92
1.509999966	0.919
1.519999966	0.918
1.519999966	0.917
1.519999966	0.916
1.519999966	0.915
1.519999966	0.914
1.519999966	0.913
1.529999966	0.912
1.529999966	0.911
1.539999966	0.91
1.539999966	0.909
1.549999965	0.908
1.549999965	0.907
1.549999965	0.906
1.559999965	0.905
1.559999965	0.904
1.569999965	0.903
1.569999965	0.902
1.569999965	0.901
1.579999965	0.9
1.589999965	0.899
1.589999965	0.898
1.599999964	0.897
1.599999964	0.896
1.599999964	0.895
1.599999964	0.894
1.609999964	0.893
1.619999964	0.892
1.619999964	0.891
1.629999964	0.89
1.629999964	0.889
1.629999964	0.888
1.649999963	0.887
1.649999963	0.886
1.649999963	0.885
1.649999963	0.884
1.649999963	0.883
1.659999963	0.882
1.659999963	0.881
1.669999963	0.88
1.669999963	0.879
1.679999962	0.878
1.679999962	0.877
1.689999962	0.876
1.699999962	0.875
1.709999962	0.874
1.729999961	0.873
1.739999961	0.872
1.749999961	0.871
1.759999961	0.87
1.76999996	0.869
1.76999996	0.868
1.78999996	0.867
1.78999996	0.866
1.78999996	0.865
1.79999996	0.864
1.79999996	0.863
1.80999996	0.862
1.80999996	0.861
1.80999996	0.86
1.819999959	0.859
1.819999959	0.858
1.819999959	0.857
1.819999959	0.856
1.819999959	0.855
1.819999959	0.854
1.829999959	0.853
1.839999959	0.852
1.839999959	0.851
1.839999959	0.85
1.839999959	0.849
1.839999959	0.848
1.849999959	0.847
1.849999959	0.846
1.849999959	0.845
1.859999958	0.844
1.859999958	0.843
1.859999958	0.842
1.869999958	0.841
1.869999958	0.84
1.869999958	0.839
1.879999958	0.838
1.879999958	0.837
1.889999958	0.836
1.899999957	0.835
1.909999957	0.834
1.909999957	0.833
1.919999957	0.832
1.919999957	0.831
1.919999957	0.83
1.919999957	0.829
1.929999957	0.828
1.929999957	0.827
1.939999957	0.826
1.939999957	0.825
1.979999956	0.824
1.989999956	0.823
1.999999955	0.822
1.999999955	0.821
1.999999955	0.82
2.009999955	0.819
2.009999955	0.818
2.019999955	0.817
2.029999955	0.816
2.029999955	0.815
2.039999954	0.814
2.039999954	0.813
2.049999954	0.812
2.069999954	0.811
2.079999954	0.81
2.099999953	0.809
2.119999953	0.808
2.129999952	0.807
2.129999952	0.806
2.139999952	0.805
2.159999952	0.804
2.159999952	0.803
2.169999951	0.802
2.169999951	0.801
2.179999951	0.8
2.199999951	0.799
2.199999951	0.798
2.209999951	0.797
2.22999995	0.796
2.23999995	0.795
2.23999995	0.794
2.24999995	0.793
2.25999995	0.792
2.25999995	0.791
2.25999995	0.79
2.269999949	0.789
2.289999949	0.788
2.299999949	0.787
2.319999948	0.786
2.319999948	0.785
2.319999948	0.784
2.359999947	0.783
2.359999947	0.782
2.359999947	0.781
2.359999947	0.78
2.359999947	0.779
2.369999947	0.778
2.369999947	0.777
2.379999947	0.776
2.389999947	0.775
2.389999947	0.774
2.399999946	0.773
2.399999946	0.772
2.409999946	0.771
2.409999946	0.77
2.419999946	0.769
2.429999946	0.768
2.429999946	0.767
2.439999945	0.766
2.459999945	0.765
2.459999945	0.764
2.469999945	0.763
2.489999944	0.762
2.499999944	0.761
2.529999944	0.76
2.549999943	0.759
2.559999943	0.758
2.559999943	0.757
2.569999943	0.756
2.599999942	0.755
2.649999941	0.754
2.659999941	0.753
2.66999994	0.752
2.66999994	0.751
2.67999994	0.75
2.67999994	0.749
2.68999994	0.748
2.69999994	0.747
2.69999994	0.746
2.709999939	0.745
2.709999939	0.744
2.709999939	0.743
2.729999939	0.742
2.739999939	0.741
2.779999938	0.74
2.789999938	0.739
2.809999937	0.738
2.829999937	0.737
2.829999937	0.736
2.829999937	0.735
2.849999936	0.734
2.859999936	0.733
2.859999936	0.732
2.869999936	0.731
2.879999936	0.73
2.899999935	0.729
2.929999935	0.728
2.939999934	0.727
2.949999934	0.726
2.949999934	0.725
2.949999934	0.724
2.959999934	0.723
2.969999934	0.722
2.979999933	0.721
2.989999933	0.72
2.989999933	0.719
2.999999933	0.718
2.999999933	0.717
2.999999933	0.716
3.009999933	0.715
3.019999933	0.714
3.019999933	0.713
3.049999932	0.712
3.049999932	0.711
3.059999932	0.71
3.059999932	0.709
3.059999932	0.708
3.089999931	0.707
3.099999931	0.706
3.099999931	0.705
3.10999993	0.704
3.12999993	0.703
3.159999929	0.702
3.159999929	0.701
3.169999929	0.7
3.169999929	0.699
3.169999929	0.698
3.189999929	0.697
3.199999929	0.696
3.209999928	0.695
3.209999928	0.694
3.229999928	0.693
3.239999928	0.692
3.249999927	0.691
3.249999927	0.69
3.269999927	0.689
3.269999927	0.688
3.279999927	0.687
3.289999927	0.686
3.289999927	0.685
3.289999927	0.684
3.289999927	0.683
3.319999926	0.682
3.329999926	0.681
3.339999925	0.68
3.339999925	0.679
3.369999925	0.678
3.369999925	0.677
3.379999924	0.676
3.399999924	0.675
3.399999924	0.674
3.419999924	0.673
3.429999923	0.672
3.459999923	0.671
3.459999923	0.67
3.459999923	0.669
3.469999922	0.668
3.469999922	0.667
3.489999922	0.666
3.509999922	0.665
3.509999922	0.664
3.529999921	0.663
3.549999921	0.662
3.549999921	0.661
3.55999992	0.66
3.55999992	0.659
3.56999992	0.658
3.57999992	0.657
3.58999992	0.656
3.59999992	0.655
3.619999919	0.654
3.629999919	0.653
3.629999919	0.652
3.639999919	0.651
3.639999919	0.65
3.679999918	0.649
3.689999917	0.648
3.699999917	0.647
3.749999916	0.646
3.759999916	0.645
3.779999915	0.644
3.789999915	0.643
3.799999915	0.642
3.909999913	0.641
3.929999912	0.64
3.939999912	0.639
3.949999912	0.638
3.949999912	0.637
3.949999912	0.636
3.949999912	0.635
3.989999911	0.634
3.999999911	0.633
4.00999991	0.632
4.00999991	0.631
4.04999991	0.63
4.059999909	0.629
4.069999909	0.628
4.079999909	0.627
4.099999908	0.626
4.099999908	0.625
4.109999908	0.624
4.119999908	0.623
4.149999907	0.622
4.169999907	0.621
4.219999906	0.62
4.249999905	0.619
4.259999905	0.618
4.259999905	0.617
4.329999903	0.616
4.349999903	0.615
4.349999903	0.614
4.359999903	0.613
4.369999902	0.612
4.4499999	0.611
4.4599999	0.61
4.4899999	0.609
4.4899999	0.608
4.499999899	0.607
4.549999898	0.606
4.569999898	0.605
4.669999896	0.604
4.689999895	0.603
4.719999894	0.602
4.739999894	0.601
4.829999892	0.6
4.849999892	0.599
4.859999891	0.598
4.899999891	0.597
4.91999989	0.596
5.039999887	0.595
5.039999887	0.594
5.039999887	0.593
5.049999887	0.592
5.069999887	0.591
5.069999887	0.59
5.249999883	0.589
5.249999883	0.588
5.309999881	0.587
5.309999881	0.586
5.339999881	0.585
5.339999881	0.584
5.409999879	0.583
5.439999878	0.582
5.469999878	0.581
5.509999877	0.58
5.509999877	0.579
5.549999876	0.578
5.589999875	0.577
5.619999874	0.576
5.639999874	0.575
5.729999872	0.574
5.729999872	0.573
5.759999871	0.572
5.769999871	0.571
5.789999871	0.57
5.79999987	0.569
5.79999987	0.568
5.839999869	0.567
5.849999869	0.566
5.849999869	0.565
5.869999869	0.564
5.879999869	0.563
5.899999868	0.562
5.919999868	0.561
5.939999867	0.56
5.939999867	0.559
5.939999867	0.558
5.959999867	0.557
5.969999867	0.556
5.979999866	0.555
5.979999866	0.554
5.989999866	0.553
6.009999866	0.552
6.039999865	0.551
6.049999865	0.55
6.059999864	0.549
6.169999862	0.548
6.169999862	0.547
6.189999862	0.546
6.189999862	0.545
6.219999861	0.544
6.24999986	0.543
6.27999986	0.542
6.309999859	0.541
6.409999857	0.54
6.409999857	0.539
6.449999856	0.538
6.539999854	0.537
6.569999853	0.536
6.629999852	0.535
6.659999851	0.534
6.669999851	0.533
6.70999985	0.532
6.70999985	0.531
6.72999985	0.53
6.759999849	0.529
6.759999849	0.528
6.779999849	0.527
6.789999848	0.526
6.819999848	0.525
6.839999847	0.524
6.859999847	0.523
6.919999845	0.522
6.929999845	0.521
6.939999845	0.52
6.999999844	0.519
7.009999843	0.518
7.029999843	0.517
7.069999842	0.516
7.089999842	0.515
7.199999839	0.514
7.249999838	0.513
7.269999838	0.512
7.319999836	0.511
7.349999836	0.51
7.359999836	0.509
7.369999835	0.508
7.379999835	0.507
7.419999834	0.506
7.419999834	0.505
7.419999834	0.504
7.449999833	0.503
7.459999833	0.502
7.509999832	0.501
7.509999832	0.5
7.559999831	0.499
7.569999831	0.498
7.739999827	0.497
7.739999827	0.496
7.759999827	0.495
7.769999826	0.494
7.809999825	0.493
7.859999824	0.492
7.879999824	0.491
7.909999823	0.49
7.979999822	0.489
8.019999821	0.488
8.019999821	0.487
8.019999821	0.486
8.099999819	0.485
8.099999819	0.484
8.199999817	0.483
8.199999817	0.482
8.229999816	0.481
8.249999816	0.48
8.269999815	0.479
8.289999815	0.478
8.309999814	0.477
8.399999812	0.476
8.479999811	0.475
8.529999809	0.474
8.569999808	0.473
8.579999808	0.472
8.599999808	0.471
8.609999808	0.47
8.619999807	0.469
8.639999807	0.468
8.659999806	0.467
8.659999806	0.466
8.669999806	0.465
8.669999806	0.464
8.699999805	0.463
8.729999805	0.462
8.729999805	0.461
8.749999804	0.46
8.799999803	0.459
8.829999803	0.458
8.829999803	0.457
8.839999802	0.456
8.879999802	0.455
8.9499998	0.454
8.979999799	0.453
8.979999799	0.452
9.089999797	0.451
9.099999797	0.45
9.099999797	0.449
9.109999796	0.448
9.169999795	0.447
9.219999794	0.446
9.239999793	0.445
9.299999792	0.444
9.339999791	0.443
9.369999791	0.442
9.39999979	0.441
9.429999789	0.44
9.479999788	0.439
9.509999787	0.438
9.679999784	0.437
9.699999783	0.436
9.739999782	0.435
9.889999779	0.434
9.909999778	0.433
9.959999777	0.432
9.989999777	0.431
9.989999777	0.43
10.01999978	0.429
10.04999978	0.428
10.07999977	0.427
10.09999977	0.426
10.16999977	0.425
10.19999977	0.424
10.22999977	0.423
10.25999977	0.422
10.28999977	0.421
10.31999977	0.42
10.31999977	0.419
10.32999977	0.418
10.33999977	0.417
10.35999977	0.416
10.36999977	0.415
10.41999977	0.414
10.46999977	0.413
10.46999977	0.412
10.48999977	0.411
10.50999977	0.41
10.58999976	0.409
10.58999976	0.408
10.59999976	0.407
10.68999976	0.406
10.74999976	0.405
10.79999976	0.404
10.88999976	0.403
10.91999976	0.402
10.92999976	0.401
10.95999976	0.4
11.01999975	0.399
11.03999975	0.398
11.05999975	0.397
11.05999975	0.396
11.08999975	0.395
11.19999975	0.394
11.27999975	0.393
11.33999975	0.392
11.34999975	0.391
11.42999974	0.39
11.46999974	0.389
11.57999974	0.388
11.63999974	0.387
11.64999974	0.386
11.76999974	0.385
11.80999974	0.384
11.83999974	0.383
11.86999973	0.382
11.86999973	0.381
11.87999973	0.38
11.87999973	0.379
11.91999973	0.378
11.98999973	0.377
11.99999973	0.376
12.00999973	0.375
12.01999973	0.374
12.09999973	0.373
12.17999973	0.372
12.18999973	0.371
12.20999973	0.37
12.21999973	0.369
12.23999973	0.368
12.27999973	0.367
12.33999972	0.366
12.35999972	0.365
12.42999972	0.364
12.51999972	0.363
12.66999972	0.362
12.73999972	0.361
12.74999972	0.36
12.81999971	0.359
12.81999971	0.358
12.82999971	0.357
12.86999971	0.356
13.05999971	0.355
13.10999971	0.354
13.2099997	0.353
13.3099997	0.352
13.3499997	0.351
13.4899997	0.35
13.4999997	0.349
13.5199997	0.348
13.5299997	0.347
13.5299997	0.346
13.6399997	0.345
13.72999969	0.344
13.82999969	0.343
13.86999969	0.342
13.86999969	0.341
14.09999968	0.34
14.10999968	0.339
14.21999968	0.338
14.21999968	0.337
14.24999968	0.336
14.27999968	0.335
14.38999968	0.334
14.38999968	0.333
14.39999968	0.332
14.40999968	0.331
14.41999968	0.33
14.43999968	0.329
14.46999968	0.328
14.47999968	0.327
14.48999968	0.326
14.52999968	0.325
14.54999967	0.324
14.58999967	0.323
14.64999967	0.322
14.68999967	0.321
14.71999967	0.32
14.78999967	0.319
14.83999967	0.318
14.84999967	0.317
14.97999967	0.316
14.97999967	0.315
15.07999966	0.314
15.12999966	0.313
15.16999966	0.312
15.16999966	0.311
15.19999966	0.31
15.25999966	0.309
15.28999966	0.308
15.30999966	0.307
15.36999966	0.306
15.38999966	0.305
15.39999966	0.304
15.49999965	0.303
15.51999965	0.302
15.53999965	0.301
15.53999965	0.3
15.56999965	0.299
15.63999965	0.298
15.70999965	0.297
15.71999965	0.296
15.73999965	0.295
15.74999965	0.294
15.83999965	0.293
15.84999965	0.292
15.89999964	0.291
15.92999964	0.29
15.94999964	0.289
16.02999964	0.288
16.03999964	0.287
16.05999964	0.286
16.06999964	0.285
16.09999964	0.284
16.12999964	0.283
16.23999964	0.282
16.25999964	0.281
16.30999964	0.28
16.38999963	0.279
16.57999963	0.278
16.64999963	0.277
16.74999963	0.276
16.81999962	0.275
16.98999962	0.274
17.07999962	0.273
17.10999962	0.272
17.14999962	0.271
17.14999962	0.27
17.24999961	0.269
17.26999961	0.268
17.31999961	0.267
17.35999961	0.266
17.35999961	0.265
17.40999961	0.264
17.43999961	0.263
17.55999961	0.262
17.56999961	0.261
17.56999961	0.26
17.57999961	0.259
17.61999961	0.258
17.7199996	0.257
17.8599996	0.256
17.9099996	0.255
17.9199996	0.254
18.0399996	0.253
18.14999959	0.252
18.17999959	0.251
18.19999959	0.25
18.26999959	0.249
18.34999959	0.248
18.57999958	0.247
18.58999958	0.246
18.62999958	0.245
18.64999958	0.244
18.69999958	0.243
18.73999958	0.242
18.80999958	0.241
18.86999958	0.24
19.07999957	0.239
19.11999957	0.238
19.36999957	0.237
19.38999957	0.236
19.41999957	0.235
19.49999956	0.234
19.60999956	0.233
19.63999956	0.232
19.64999956	0.231
19.93999955	0.23
19.98999955	0.229
20.18999955	0.228
20.20999955	0.227
20.20999955	0.226
20.28999955	0.225
20.39999954	0.224
20.50999954	0.223
20.52999954	0.222
20.62999954	0.221
20.69999954	0.22
20.83999953	0.219
20.99999953	0.218
21.07999953	0.217
21.23999953	0.216
21.26999952	0.215
21.38999952	0.214
21.38999952	0.213
21.54999952	0.212
21.57999952	0.211
21.65999952	0.21
21.67999952	0.209
21.75999951	0.208
21.77999951	0.207
21.85999951	0.206
21.91999951	0.205
21.98999951	0.204
22.01999951	0.203
22.05999951	0.202
22.07999951	0.201
22.1599995	0.2
22.1899995	0.199
22.1999995	0.198
22.2299995	0.197
22.2799995	0.196
22.2799995	0.195
22.2999995	0.194
22.3299995	0.193
22.4999995	0.192
22.4999995	0.191
22.5599995	0.19
22.59999949	0.189
22.63999949	0.188
22.74999949	0.187
22.74999949	0.186
22.77999949	0.185
22.84999949	0.184
22.85999949	0.183
23.14999948	0.182
23.26999948	0.181
23.43999948	0.18
23.45999948	0.179
23.47999948	0.178
23.48999948	0.177
23.52999947	0.176
23.63999947	0.175
23.64999947	0.174
23.67999947	0.173
23.68999947	0.172
23.72999947	0.171
23.74999947	0.17
23.75999947	0.169
23.75999947	0.168
23.81999947	0.167
23.92999947	0.166
23.97999946	0.165
24.03999946	0.164
24.07999946	0.163
24.07999946	0.162
24.09999946	0.161
24.15999946	0.16
24.15999946	0.159
24.53999945	0.158
24.70999945	0.157
24.79999945	0.156
24.82999944	0.155
24.95999944	0.154
24.96999944	0.153
25.28999943	0.152
25.33999943	0.151
25.39999943	0.15
25.40999943	0.149
25.66999943	0.148
25.66999943	0.147
25.69999943	0.146
25.86999942	0.145
25.94999942	0.144
26.03999942	0.143
26.17999941	0.142
26.26999941	0.141
26.28999941	0.14
26.28999941	0.139
26.52999941	0.138
26.52999941	0.137
26.61999941	0.136
26.6499994	0.135
26.7699994	0.134
26.7899994	0.133
26.9699994	0.132
27.0499994	0.131
27.0599994	0.13
27.08999939	0.129
27.32999939	0.128
27.40999939	0.127
27.54999938	0.126
27.56999938	0.125
27.59999938	0.124
27.76999938	0.123
27.88999938	0.122
28.02999937	0.121
28.06999937	0.12
28.16999937	0.119
28.20999937	0.118
28.20999937	0.117
28.34999937	0.116
28.34999937	0.115
28.63999936	0.114
28.63999936	0.113
28.68999936	0.112
28.69999936	0.111
28.71999936	0.11
28.81999936	0.109
28.83999936	0.108
28.86999935	0.107
28.88999935	0.106
28.97999935	0.105
29.00999935	0.104
29.02999935	0.103
29.19999935	0.102
29.28999935	0.101
29.47999934	0.1
29.54999934	0.099
29.58999934	0.098
29.62999934	0.097
30.09999933	0.096
30.12999933	0.095
30.26999932	0.094
30.28999932	0.093
30.77999931	0.092
31.2199993	0.091
31.3099993	0.09
31.3199993	0.089
31.4999993	0.088
31.5299993	0.087
31.63999929	0.086
31.75999929	0.085
31.79999929	0.084
31.93999929	0.083
32.08999928	0.082
32.17999928	0.081
32.53999927	0.08
32.62999927	0.079
32.69999927	0.078
32.76999927	0.077
32.81999927	0.076
32.88999926	0.075
33.10999926	0.074
33.91999924	0.073
34.28999923	0.072
34.46999923	0.071
34.49999923	0.07
34.54999923	0.069
34.75999922	0.068
35.12999921	0.067
35.12999921	0.066
35.15999921	0.065
35.24999921	0.064
36.36999919	0.063
36.43999919	0.062
37.35999916	0.061
37.38999916	0.06
37.54999916	0.059
38.24999914	0.058
38.32999914	0.057
38.39999914	0.056
38.41999914	0.055
38.55999914	0.054
38.77999913	0.053
38.85999913	0.052
39.46999912	0.051
39.46999912	0.05
39.47999912	0.049
39.64999911	0.048
39.93999911	0.047
39.97999911	0.046
40.0999991	0.045
40.1499991	0.044
40.1799991	0.043
40.69999909	0.042
40.75999909	0.041
41.08999908	0.04
41.12999908	0.039
42.22999906	0.038
42.50999905	0.037
42.56999905	0.036
42.63999905	0.035
43.43999903	0.034
43.53999903	0.033
43.63999902	0.032
43.89999902	0.031
43.91999902	0.03
44.22999901	0.029
44.699999	0.028
44.799999	0.027
44.839999	0.026
45.17999899	0.025
45.60999898	0.024
45.85999897	0.023
45.86999897	0.022
45.91999897	0.021
46.08999897	0.02
46.40999896	0.019
47.46999894	0.018
48.03999893	0.017
48.37999892	0.016
49.46999889	0.015
51.17999886	0.014
51.27999885	0.013
55.65999876	0.012
55.68999876	0.011
55.73999875	0.01
55.79999875	0.009
56.02999875	0.008
57.71999871	0.007
58.89999868	0.006
59.06999868	0.005
60.06999866	0.004
60.83999864	0.003
66.56999851	0.002
74.98999832	0.001
82.53999816	0
