0	1
0.8227869	0.999
0.8228561	0.998
0.8229368	0.997
0.8229549	0.996
0.82295895	0.995
0.8229896	0.994
0.8230058	0.993
0.8230564	0.992
0.8230701	0.991
0.8231448	0.99
0.82320064	0.989
0.8232039	0.988
0.8232162	0.987
0.82323587	0.986
0.8232814	0.985
0.82329917	0.984
0.8233356	0.983
0.82338244	0.982
0.82344127	0.981
0.8234445	0.98
0.82352275	0.979
0.82354665	0.978
0.82360786	0.977
0.8236321	0.976
0.8236983	0.975
0.82373786	0.974
0.82377994	0.973
0.823846	0.972
0.823853	0.971
0.82389224	0.97
0.82395136	0.969
0.82395875	0.968
0.82399845	0.967
0.8240477	0.966
0.8242069	0.965
0.8242736	0.964
0.8245154	0.963
0.82452404	0.962
0.82455957	0.961
0.82463944	0.96
0.82486606	0.959
0.8249558	0.958
0.8249986	0.957
0.8250036	0.956
0.82505786	0.955
0.82508576	0.954
0.8250906	0.953
0.8252172	0.952
0.82524526	0.951
0.8253654	0.95
0.82536787	0.949
0.8253753	0.948
0.8254022	0.947
0.82544744	0.946
0.8254483	0.945
0.8254781	0.944
0.8256088	0.943
0.8256175	0.942
0.82565176	0.941
0.82570297	0.94
0.8257955	0.939
0.8259105	0.938
0.82591325	0.937
0.8259885	0.936
0.8260012	0.935
0.82603043	0.934
0.82604825	0.933
0.82605857	0.932
0.8262381	0.931
0.82624435	0.93
0.82631415	0.929
0.82632506	0.928
0.8263373	0.927
0.82650304	0.926
0.82653075	0.925
0.82657284	0.924
0.82658017	0.923
0.82673246	0.922
0.82678515	0.921
0.8268297	0.92
0.82689726	0.919
0.82689804	0.918
0.82697403	0.917
0.82699835	0.916
0.82718176	0.915
0.8272195	0.914
0.82727605	0.913
0.82727927	0.912
0.82740694	0.911
0.8276535	0.91
0.8277787	0.909
0.8278593	0.908
0.8279357	0.907
0.82809687	0.906
0.8281195	0.905
0.8282426	0.904
0.82833093	0.903
0.8283344	0.902
0.8283561	0.901
0.82842034	0.9
0.8284819	0.899
0.8285712	0.898
0.8286692	0.897
0.82868415	0.896
0.82889205	0.895
0.8289878	0.894
0.8290484	0.893
0.829062	0.892
0.82910496	0.891
0.829216	0.89
0.8292915	0.889
0.8293851	0.888
0.8294983	0.887
0.8295292	0.886
0.8296195	0.885
0.8297345	0.884
0.82982147	0.883
0.82986647	0.882
0.8299428	0.881
0.82994324	0.88
0.82995933	0.879
0.8303155	0.878
0.8303276	0.877
0.83040714	0.876
0.83048844	0.875
0.83054215	0.874
0.83061635	0.873
0.8306595	0.872
0.8307642	0.871
0.8308134	0.87
0.83092517	0.869
0.83096915	0.868
0.8311086	0.867
0.8311236	0.866
0.8312418	0.865
0.8315507	0.864
0.831813	0.863
0.8318257	0.862
0.8319363	0.861
0.8322328	0.86
0.8322389	0.859
0.8324646	0.858
0.83257425	0.857
0.83274233	0.856
0.83280474	0.855
0.8328829	0.854
0.83288604	0.853
0.83291703	0.852
0.8329822	0.851
0.8330131	0.85
0.83315194	0.849
0.83321476	0.848
0.8333203	0.847
0.8333832	0.846
0.8334463	0.845
0.8334874	0.844
0.83352727	0.843
0.8336463	0.842
0.83379203	0.841
0.83386666	0.84
0.8339376	0.839
0.83405143	0.838
0.834197	0.837
0.83425575	0.836
0.83435684	0.835
0.834585	0.834
0.8347278	0.833
0.83481383	0.832
0.8348141	0.831
0.83502144	0.83
0.8351472	0.829
0.83567196	0.828
0.8358006	0.827
0.8359376	0.826
0.8360075	0.825
0.83604974	0.824
0.8362262	0.823
0.83632535	0.822
0.83649087	0.821
0.8367325	0.82
0.8370091	0.819
0.837201	0.818
0.8373457	0.817
0.8374247	0.816
0.83754325	0.815
0.83759165	0.814
0.83772296	0.813
0.8378783	0.812
0.8381768	0.811
0.83843356	0.81
0.8385135	0.809
0.8385172	0.808
0.8386537	0.807
0.838697	0.806
0.83871824	0.805
0.8387659	0.804
0.8388064	0.803
0.8388686	0.802
0.8388738	0.801
0.83899575	0.8
0.83932835	0.799
0.8395924	0.798
0.8398002	0.797
0.8399016	0.796
0.84002817	0.795
0.84023285	0.794
0.8406839	0.793
0.84070516	0.792
0.8408109	0.791
0.8409463	0.79
0.84109426	0.789
0.8415126	0.788
0.8416082	0.787
0.8420021	0.786
0.84213364	0.785
0.8421356	0.784
0.84214777	0.783
0.84222203	0.782
0.8423159	0.781
0.84240586	0.78
0.8424383	0.779
0.8430012	0.778
0.84333044	0.777
0.84338194	0.776
0.8436144	0.775
0.84363776	0.774
0.8439472	0.773
0.8442463	0.772
0.84430563	0.771
0.8444872	0.77
0.8445962	0.769
0.8447067	0.768
0.84472215	0.767
0.84499776	0.766
0.8451041	0.765
0.8452975	0.764
0.8456566	0.763
0.84619987	0.762
0.84632623	0.761
0.846327	0.76
0.84690064	0.759
0.84703135	0.758
0.84707487	0.757
0.84716564	0.756
0.84817123	0.755
0.8485908	0.754
0.84891343	0.753
0.84907776	0.752
0.84918714	0.751
0.8492942	0.75
0.8494751	0.749
0.84954727	0.748
0.84979105	0.747
0.8498005	0.746
0.85024333	0.745
0.8503127	0.744
0.8505776	0.743
0.85082084	0.742
0.851108	0.741
0.8512253	0.74
0.851326	0.739
0.85162544	0.738
0.8516451	0.737
0.85177314	0.736
0.85200197	0.735
0.852019	0.734
0.85218513	0.733
0.85251445	0.732
0.85259056	0.731
0.8527069	0.73
0.85291284	0.729
0.8530669	0.728
0.85326165	0.727
0.85353255	0.726
0.8541059	0.725
0.85477585	0.724
0.8553831	0.723
0.8555018	0.722
0.8556137	0.721
0.85575575	0.72
0.8559356	0.719
0.8559434	0.718
0.85594976	0.717
0.8566664	0.716
0.85674125	0.715
0.8567587	0.714
0.8569407	0.713
0.8570908	0.712
0.8577224	0.711
0.85818136	0.71
0.85854465	0.709
0.85881066	0.708
0.8588314	0.707
0.8588822	0.706
0.8589441	0.705
0.8598472	0.704
0.86040086	0.703
0.86072135	0.702
0.8610937	0.701
0.8624523	0.7
0.8625345	0.699
0.8627799	0.698
0.8633541	0.697
0.86337227	0.696
0.86375374	0.695
0.8638595	0.694
0.86387986	0.693
0.86438304	0.692
0.8644422	0.691
0.8648944	0.69
0.8654248	0.689
0.86592895	0.688
0.86721426	0.687
0.86736	0.686
0.8673899	0.685
0.8679645	0.684
0.8680051	0.683
0.8685619	0.682
0.8689627	0.681
0.86947286	0.68
0.869764	0.679
0.86993086	0.678
0.86999965	0.677
0.8700321	0.676
0.8701305	0.675
0.8703308	0.674
0.87040436	0.673
0.8706373	0.672
0.8707076	0.671
0.8710022	0.67
0.87125206	0.669
0.87152916	0.668
0.8718474	0.667
0.8718914	0.666
0.87191063	0.665
0.8719184	0.664
0.8719348	0.663
0.8719609	0.662
0.8721089	0.661
0.87245715	0.66
0.87276554	0.659
0.87283146	0.658
0.87322193	0.657
0.87334657	0.656
0.87353075	0.655
0.87365377	0.654
0.8736611	0.653
0.874578	0.652
0.8747122	0.651
0.8751763	0.65
0.87523735	0.649
0.8752813	0.648
0.87533253	0.647
0.875424	0.646
0.87557214	0.645
0.87561536	0.644
0.8760824	0.643
0.8765504	0.642
0.8772325	0.641
0.8779514	0.64
0.87874025	0.639
0.8790555	0.638
0.8792536	0.637
0.8798209	0.636
0.88088214	0.635
0.8810838	0.634
0.8811367	0.633
0.88137686	0.632
0.8814012	0.631
0.8817994	0.63
0.88180494	0.629
0.88233054	0.628
0.8823847	0.627
0.8824803	0.626
0.88309807	0.625
0.88310015	0.624
0.88330346	0.623
0.88337296	0.622
0.8838074	0.621
0.8845506	0.62
0.8866743	0.619
0.88709426	0.618
0.8871767	0.617
0.88768107	0.616
0.88827306	0.615
0.88884866	0.614
0.8899957	0.613
0.89005786	0.612
0.89062345	0.611
0.8915389	0.61
0.891818	0.609
0.89184934	0.608
0.89227104	0.607
0.8925817	0.606
0.89352494	0.605
0.8939492	0.604
0.8949666	0.603
0.89501864	0.602
0.89548343	0.601
0.8966923	0.6
0.8968596	0.599
0.8968761	0.598
0.89808756	0.597
0.8983213	0.596
0.89877355	0.595
0.89924276	0.594
0.8995992	0.593
0.90014565	0.592
0.9008797	0.591
0.9023308	0.59
0.90264946	0.589
0.90279466	0.588
0.90406865	0.587
0.9041463	0.586
0.90445226	0.585
0.9066311	0.584
0.90698045	0.583
0.9084423	0.582
0.90910524	0.581
0.9097309	0.58
0.90976447	0.579
0.9108689	0.578
0.9112449	0.577
0.9115056	0.576
0.9117333	0.575
0.9120219	0.574
0.91211087	0.573
0.9123627	0.572
0.9124797	0.571
0.9130482	0.57
0.91338736	0.569
0.91344905	0.568
0.91346884	0.567
0.9143243	0.566
0.9143832	0.565
0.91464895	0.564
0.91481274	0.563
0.9154051	0.562
0.915505	0.561
0.91655916	0.56
0.91699666	0.559
0.9170904	0.558
0.9177246	0.557
0.9180775	0.556
0.9183152	0.555
0.9189788	0.554
0.9193599	0.553
0.91942734	0.552
0.9199947	0.551
0.9212581	0.55
0.92163223	0.549
0.9219729	0.548
0.9224725	0.547
0.9231456	0.546
0.9257013	0.545
0.9257428	0.544
0.9263087	0.543
0.9270898	0.542
0.92868936	0.541
0.92914516	0.54
0.92918354	0.539
0.92927444	0.538
0.9297296	0.537
0.93101287	0.536
0.9320493	0.535
0.93205893	0.534
0.93253124	0.533
0.9330033	0.532
0.9332639	0.531
0.9349808	0.53
0.9355391	0.529
0.93554425	0.528
0.9360823	0.527
0.937771	0.526
0.9380945	0.525
0.9401599	0.524
0.94040793	0.523
0.940413	0.522
0.94089633	0.521
0.94245166	0.52
0.94701886	0.519
0.94713116	0.518
0.9471668	0.517
0.9490033	0.516
0.9494003	0.515
0.949669	0.514
0.94974846	0.513
0.9497624	0.512
0.94985473	0.511
0.9505502	0.51
0.9507368	0.509
0.9511795	0.508
0.9521842	0.507
0.9522601	0.506
0.9525044	0.505
0.95251644	0.504
0.9526652	0.503
0.9530779	0.502
0.95374113	0.501
0.9540424	0.5
0.95415306	0.499
0.95454895	0.498
0.9560666	0.497
0.9560812	0.496
0.9560979	0.495
0.9568871	0.494
0.95835495	0.493
0.9595047	0.492
0.9598165	0.491
0.96001023	0.49
0.9602108	0.489
0.96022636	0.488
0.9604566	0.487
0.96090716	0.486
0.9628537	0.485
0.96293294	0.484
0.9631012	0.483
0.96339023	0.482
0.9634538	0.481
0.96641445	0.48
0.96752185	0.479
0.9676073	0.478
0.96782666	0.477
0.96924967	0.476
0.9705195	0.475
0.971196	0.474
0.97203636	0.473
0.97240984	0.472
0.9725947	0.471
0.9731546	0.47
0.9742082	0.469
0.97430724	0.468
0.9751874	0.467
0.9751968	0.466
0.97625	0.465
0.9792551	0.464
0.97974336	0.463
0.98119193	0.462
0.98435074	0.461
0.98477745	0.46
0.9888738	0.459
0.9892295	0.458
0.9893254	0.457
0.9903319	0.456
0.9904146	0.455
0.9908899	0.454
0.9928763	0.453
0.99410295	0.452
0.99485356	0.451
0.9968098	0.45
0.9976035	0.449
0.9978447	0.448
0.997984	0.447
0.99868584	0.446
0.9986943	0.445
0.9988968	0.444
1.000614	0.443
1.0011584	0.442
1.0014616	0.441
1.0021656	0.44
1.0041649	0.439
1.0065968	0.438
1.006981	0.437
1.0092599	0.436
1.0103409	0.435
1.011947	0.434
1.0137291	0.433
1.014815	0.432
1.015465	0.431
1.0159066	0.43
1.016077	0.429
1.0185728	0.428
1.019249	0.427
1.0200372	0.426
1.0200882	0.425
1.0217016	0.424
1.0219498	0.423
1.0224689	0.422
1.0243495	0.421
1.0244031	0.42
1.0245672	0.419
1.0253705	0.418
1.0266211	0.417
1.0304041	0.416
1.0310719	0.415
1.0324991	0.414
1.032509	0.413
1.0337337	0.412
1.0346476	0.411
1.0346727	0.41
1.0348195	0.409
1.0353097	0.408
1.0367172	0.407
1.0384486	0.406
1.0402937	0.405
1.041359	0.404
1.0424588	0.403
1.0426134	0.402
1.0426725	0.401
1.0455471	0.4
1.0475054	0.399
1.0480341	0.398
1.048491	0.397
1.0486567	0.396
1.0498024	0.395
1.050384	0.394
1.0508626	0.393
1.0522425	0.392
1.0528771	0.391
1.0536041	0.39
1.0554736	0.389
1.0565739	0.388
1.0589824	0.387
1.0593534	0.386
1.0606375	0.385
1.0619947	0.384
1.0622932	0.383
1.0624293	0.382
1.0629094	0.381
1.0658633	0.38
1.0660897	0.379
1.0668753	0.378
1.0754199	0.377
1.0770985	0.376
1.0781081	0.375
1.0792618	0.374
1.0794036	0.373
1.0803173	0.372
1.082771	0.371
1.0827973	0.37
1.0830109	0.369
1.0849241	0.368
1.0863694	0.367
1.0917062	0.366
1.092527	0.365
1.0938188	0.364
1.0970687	0.363
1.0976112	0.362
1.0977074	0.361
1.0996906	0.36
1.1020454	0.359
1.1051176	0.358
1.1055664	0.357
1.1068652	0.356
1.1068661	0.355
1.1073672	0.354
1.1076127	0.353
1.109089	0.352
1.1111581	0.351
1.1160506	0.35
1.1165468	0.349
1.1178633	0.348
1.1186392	0.347
1.1210631	0.346
1.1236763	0.345
1.1264069	0.344
1.1287305	0.343
1.1297714	0.342
1.1327444	0.341
1.133567	0.34
1.1362661	0.339
1.1385237	0.338
1.1409383	0.337
1.1461089	0.336
1.149257	0.335
1.151552	0.334
1.154103	0.333
1.1544136	0.332
1.1559572	0.331
1.159917	0.33
1.1600465	0.329
1.1659347	0.328
1.172104	0.327
1.1781424	0.326
1.1784502	0.325
1.1801066	0.324
1.1810378	0.323
1.1858349	0.322
1.1859305	0.321
1.1861986	0.32
1.1924531	0.319
1.1936241	0.318
1.1994942	0.317
1.2001232	0.316
1.2043011	0.315
1.2054785	0.314
1.2157444	0.313
1.2158974	0.312
1.218236	0.311
1.2222543	0.31
1.2253431	0.309
1.226537	0.308
1.2268512	0.307
1.2282301	0.306
1.2321293	0.305
1.2337134	0.304
1.2381369	0.303
1.2403458	0.302
1.2409322	0.301
1.2439791	0.3
1.2461619	0.299
1.2487762	0.298
1.2598257	0.297
1.2623394	0.296
1.263768	0.295
1.2668364	0.294
1.2673748	0.293
1.2681577	0.292
1.2722108	0.291
1.275534	0.29
1.2849935	0.289
1.2870444	0.288
1.2897534	0.287
1.2915689	0.286
1.2919904	0.285
1.2980169	0.284
1.2986295	0.283
1.2993697	0.282
1.3010713	0.281
1.3109812	0.28
1.3109862	0.279
1.3113257	0.278
1.3161252	0.277
1.3163155	0.276
1.3196329	0.275
1.3224446	0.274
1.32422	0.273
1.3262973	0.272
1.3318228	0.271
1.3385372	0.27
1.3434583	0.269
1.3461924	0.268
1.3475951	0.267
1.3484778	0.266
1.3533982	0.265
1.3536916	0.264
1.3580056	0.263
1.3651739	0.262
1.3689212	0.261
1.3723279	0.26
1.3734996	0.259
1.3771595	0.258
1.382433	0.257
1.3832346	0.256
1.3839355	0.255
1.3841567	0.254
1.3862259	0.253
1.38991	0.252
1.39477	0.251
1.3948854	0.25
1.4075067	0.249
1.4102134	0.248
1.4146166	0.247
1.4260564	0.246
1.4310112	0.245
1.4310943	0.244
1.4438492	0.243
1.4486915	0.242
1.4520248	0.241
1.4522891	0.24
1.4553136	0.239
1.4579234	0.238
1.4579796	0.237
1.4585884	0.236
1.4636261	0.235
1.4673407	0.234
1.468553	0.233
1.4692581	0.232
1.4715745	0.231
1.4744467	0.23
1.4757107	0.229
1.4799193	0.228
1.480785	0.227
1.4812335	0.226
1.4815174	0.225
1.4846579	0.224
1.48938	0.223
1.4906808	0.222
1.4966702	0.221
1.5013199	0.22
1.5056952	0.219
1.5088662	0.218
1.5112437	0.217
1.5141989	0.216
1.5200471	0.215
1.5234782	0.214
1.5267173	0.213
1.5283102	0.212
1.5334998	0.211
1.5478815	0.21
1.5542763	0.209
1.5556719	0.208
1.5564461	0.207
1.5611559	0.206
1.5619934	0.205
1.5623862	0.204
1.5751734	0.203
1.583657	0.202
1.5907034	0.201
1.604453	0.2
1.6073332	0.199
1.6074157	0.198
1.6203034	0.197
1.6223577	0.196
1.636791	0.195
1.6376171	0.194
1.6462288	0.193
1.6495051	0.192
1.6519675	0.191
1.6545982	0.19
1.6594424	0.189
1.6595938	0.188
1.6667538	0.187
1.6672244	0.186
1.6702629	0.185
1.6756282	0.184
1.676619	0.183
1.6810842	0.182
1.6915903	0.181
1.7010521	0.18
1.7076532	0.179
1.7247096	0.178
1.7284999	0.177
1.7368062	0.176
1.7831683	0.175
1.7881578	0.174
1.7914381	0.173
1.7915621	0.172
1.8024076	0.171
1.8076396	0.17
1.8091128	0.169
1.8099338	0.168
1.8124655	0.167
1.8212944	0.166
1.8280011	0.165
1.843862	0.164
1.8627659	0.163
1.8649664	0.162
1.8658392	0.161
1.8786639	0.16
1.8919865	0.159
1.8938524	0.158
1.8957368	0.157
1.9063122	0.156
1.9074736	0.155
1.9090557	0.154
1.9386189	0.153
1.9521699	0.152
2.0001085	0.151
2.000884	0.15
2.0019143	0.149
2.0043018	0.148
2.0105283	0.147
2.0355847	0.146
2.035699	0.145
2.0410762	0.144
2.0663712	0.143
2.0750964	0.142
2.0798845	0.141
2.0873559	0.14
2.0979989	0.139
2.1014137	0.138
2.104052	0.137
2.1087816	0.136
2.1142616	0.135
2.184797	0.134
2.189585	0.133
2.1984723	0.132
2.211038	0.131
2.240037	0.13
2.253423	0.129
2.2638357	0.128
2.2973957	0.127
2.3138516	0.126
2.3254166	0.125
2.3339367	0.124
2.3391979	0.123
2.3461256	0.122
2.359669	0.121
2.372141	0.12
2.3974154	0.119
2.4049828	0.118
2.4108288	0.117
2.4408376	0.116
2.4549217	0.115
2.4652703	0.114
2.488153	0.113
2.4954283	0.112
2.5008814	0.111
2.5022023	0.11
2.5082848	0.109
2.5182996	0.108
2.564087	0.107
2.5699553	0.106
2.579968	0.105
2.5862348	0.104
2.6014724	0.103
2.6015856	0.102
2.6031828	0.101
2.6077664	0.1
2.6216397	0.099
2.6307745	0.098
2.6418445	0.097
2.6578565	0.096
2.6580396	0.095
2.6628928	0.094
2.715121	0.093
2.7361372	0.092
2.7901678	0.091
2.8163958	0.09
2.8480759	0.089
2.8620846	0.088
2.8696225	0.087
2.8798845	0.086
2.9008698	0.085
2.904523	0.084
2.964395	0.083
3.0113564	0.082
3.1526632	0.081
3.1782439	0.08
3.1945946	0.079
3.1973128	0.078
3.2327504	0.077
3.252549	0.076
3.265457	0.075
3.2753437	0.074
3.284161	0.073
3.2917325	0.072
3.2924263	0.071
3.3510678	0.07
3.381216	0.069
3.407045	0.068
3.4649827	0.067
3.5403829	0.066
3.5696099	0.065
3.6226432	0.064
3.6464264	0.063
3.6514266	0.062
3.6736186	0.061
3.7186356	0.06
3.7436037	0.059
3.8257647	0.058
3.8666847	0.057
3.8913429	0.056
3.93428	0.055
3.9440966	0.054
4.015377	0.053
4.0236316	0.052
4.044435	0.051
4.057887	0.05
4.063245	0.049
4.125953	0.048
4.140706	0.047
4.151357	0.046
4.1693077	0.045
4.298801	0.044
4.330519	0.043
4.3790293	0.042
4.4157577	0.041
4.549619	0.04
4.5932574	0.039
4.777909	0.038
4.872526	0.037
4.896332	0.036
5.2772846	0.035
5.371367	0.034
5.4037523	0.033
5.520918	0.032
5.5297666	0.031
5.574228	0.03
5.6315193	0.029
5.651937	0.028
5.8550944	0.027
5.911797	0.026
6.0036507	0.025
6.1278257	0.024
6.251533	0.023
6.438766	0.022
6.4567595	0.021
6.848068	0.02
6.9005594	0.019
7.784056	0.018
7.9475493	0.017
8.0285015	0.016
8.032464	0.015
8.216068	0.014
9.157951	0.013
9.167385	0.012
9.36293	0.011
9.529232	0.01
10.071687	0.009
10.543283	0.008
11.5701065	0.007
11.73476	0.006
12.034962	0.005
12.53865	0.004
13.246606	0.003
16.404379	0.002
19.506742	0.001
19.864714	0
	
	
