0	1
0.953866808	0.9975
0.956071823	0.995
0.975879424	0.9925
0.985110105	0.99
0.999220189	0.9875
0.999278856	0.985
1.004601119	0.9825
1.005531679	0.98
1.012550583	0.9775
1.014236084	0.975
1.016816155	0.9725
1.033770511	0.97
1.041184421	0.9675
1.046754838	0.965
1.048360077	0.9625
1.053545627	0.96
1.05692862	0.9575
1.05865322	0.955
1.063483865	0.9525
1.070245436	0.95
1.077874056	0.9475
1.088474699	0.945
1.094675424	0.9425
1.0976037	0.94
1.104570248	0.9375
1.105586001	0.935
1.112872351	0.9325
1.113627363	0.93
1.116841787	0.9275
1.124481198	0.925
1.125367729	0.9225
1.128748946	0.92
1.133610493	0.9175
1.145891264	0.915
1.151089114	0.9125
1.155531504	0.91
1.158852197	0.9075
1.162545659	0.905
1.164329476	0.9025
1.164664343	0.9
1.166541854	0.8975
1.169473064	0.895
1.173379528	0.8925
1.177336397	0.89
1.177923183	0.8875
1.181626354	0.885
1.189276764	0.8825
1.189734574	0.88
1.191360226	0.8775
1.192028753	0.875
1.192657117	0.8725
1.197072731	0.87
1.197076287	0.8675
1.19722272	0.865
1.197841435	0.8625
1.218126436	0.86
1.219994976	0.8575
1.22477819	0.855
1.224824632	0.8525
1.227460233	0.85
1.232513389	0.8475
1.245675181	0.845
1.252015212	0.8425
1.2625188	0.84
1.276172431	0.8375
1.292996879	0.835
1.294014708	0.8325
1.295258782	0.83
1.299646608	0.8275
1.302013552	0.825
1.306370232	0.8225
1.308117729	0.82
1.317839155	0.8175
1.322534727	0.815
1.32266309	0.8125
1.322965211	0.81
1.322966361	0.8075
1.325502415	0.805
1.340739842	0.8025
1.342416989	0.8
1.344362766	0.7975
1.346063244	0.795
1.3464778	0.7925
1.347153552	0.79
1.352464848	0.7875
1.357305251	0.785
1.360107984	0.7825
1.362284959	0.78
1.374373901	0.7775
1.375072467	0.775
1.376031246	0.7725
1.378495131	0.77
1.38699213	0.7675
1.387945742	0.765
1.394176067	0.7625
1.402793741	0.76
1.405488389	0.7575
1.411543874	0.755
1.426539988	0.7525
1.439465327	0.75
1.449159551	0.7475
1.454491873	0.745
1.461795837	0.7425
1.464542421	0.74
1.477250506	0.7375
1.483942905	0.735
1.486955682	0.7325
1.49146469	0.73
1.493450047	0.7275
1.500108479	0.725
1.502491691	0.7225
1.530961813	0.72
1.532256357	0.7175
1.535204142	0.715
1.548447679	0.7125
1.548466576	0.71
1.549249476	0.7075
1.551297715	0.705
1.552094538	0.7025
1.557063035	0.7
1.559438883	0.6975
1.560442107	0.695
1.578103135	0.6925
1.591648109	0.69
1.592266962	0.6875
1.594157558	0.685
1.601927566	0.6825
1.626277129	0.68
1.628384248	0.6775
1.628477668	0.675
1.638292488	0.6725
1.641330566	0.67
1.663286652	0.6675
1.677102791	0.665
1.677850134	0.6625
1.683152825	0.66
1.687048924	0.6575
1.692841261	0.655
1.704432722	0.6525
1.712461277	0.65
1.731088694	0.6475
1.737167143	0.645
1.739093123	0.6425
1.742524236	0.64
1.750231041	0.6375
1.751465658	0.635
1.753445152	0.6325
1.760337523	0.63
1.763941475	0.6275
1.764514971	0.625
1.777664466	0.6225
1.785607441	0.62
1.814850249	0.6175
1.825522709	0.615
1.834545082	0.6125
1.840762616	0.61
1.848143083	0.6075
1.857744819	0.605
1.860620712	0.6025
1.864849162	0.6
1.889333701	0.5975
1.904053319	0.595
1.909539052	0.5925
1.921777084	0.59
1.92758757	0.5875
1.930152885	0.585
1.932328167	0.5825
1.957314425	0.58
1.9805286	0.5775
1.998043518	0.575
1.999251832	0.5725
2.021293369	0.57
2.033671674	0.5675
2.06581703	0.565
2.06859967	0.5625
2.087690479	0.56
2.101825186	0.5575
2.140234549	0.555
2.140360111	0.5525
2.141871985	0.55
2.154969474	0.5475
2.164984631	0.545
2.209192326	0.5425
2.229672893	0.54
2.23030817	0.5375
2.284304013	0.535
2.29002567	0.5325
2.299026991	0.53
2.301236764	0.5275
2.324680851	0.525
2.326298884	0.5225
2.330141682	0.52
2.34465058	0.5175
2.345600248	0.515
2.379754357	0.5125
2.39352736	0.51
2.397631875	0.5075
2.399099673	0.505
2.410421531	0.5025
2.429643871	0.5
2.43817576	0.4975
2.464180702	0.495
2.562880278	0.4925
2.57562976	0.49
2.619937421	0.4875
2.62807136	0.485
2.628840418	0.4825
2.648447676	0.48
2.648540026	0.4775
2.654171491	0.475
2.661000514	0.4725
2.677825666	0.47
2.688129342	0.4675
2.691773515	0.465
2.69494674	0.4625
2.707430873	0.46
2.730516378	0.4575
2.741448298	0.455
2.759535369	0.4525
2.774043198	0.45
2.822717298	0.4475
2.853130826	0.445
2.854274523	0.4425
2.865426748	0.44
2.899215015	0.4375
2.899333973	0.435
2.932341955	0.4325
3.004891218	0.43
3.027437065	0.4275
3.047931197	0.425
3.061110298	0.4225
3.087068739	0.42
3.098321608	0.4175
3.10149581	0.415
3.101772242	0.4125
3.125156	0.41
3.128211781	0.4075
3.131663118	0.405
3.135998924	0.4025
3.145577468	0.4
3.216883841	0.3975
3.217858763	0.395
3.222901317	0.3925
3.224822362	0.39
3.237004122	0.3875
3.250110813	0.385
3.277428349	0.3825
3.296383492	0.38
3.337090485	0.3775
3.345189063	0.375
3.358563498	0.3725
3.362992566	0.37
3.365822165	0.3675
3.37062612	0.365
3.389328825	0.3625
3.408087363	0.36
3.424421961	0.3575
3.435865723	0.355
3.436981889	0.3525
3.454388809	0.35
3.471105572	0.3475
3.483594212	0.345
3.484755747	0.3425
3.511474676	0.34
3.517352542	0.3375
3.544650269	0.335
3.550354194	0.3325
3.560714788	0.33
3.561382081	0.3275
3.572098912	0.325
3.577523063	0.3225
3.579564092	0.32
3.589598114	0.3175
3.612559688	0.315
3.623054154	0.3125
3.645671148	0.31
3.64683617	0.3075
3.661602638	0.305
3.664773564	0.3025
3.686244005	0.3
3.705216312	0.2975
3.708419391	0.295
3.713759732	0.2925
3.715584496	0.29
3.75928126	0.2875
3.788945066	0.285
3.833778568	0.2825
3.835939508	0.28
3.845265592	0.2775
3.851723934	0.275
3.879603972	0.2725
3.90689797	0.27
3.907972483	0.2675
3.909560536	0.265
3.940706354	0.2625
3.952227987	0.26
3.990142637	0.2575
4.01784108	0.255
4.035676803	0.2525
4.046162353	0.25
4.055766656	0.2475
4.06618308	0.245
4.084785647	0.2425
4.104088884	0.24
4.119655173	0.2375
4.144867398	0.235
4.186136854	0.2325
4.210322539	0.23
4.231152064	0.2275
4.262289354	0.225
4.30178646	0.2225
4.305972696	0.22
4.350789349	0.2175
4.382446298	0.215
4.525327329	0.2125
4.532093075	0.21
4.548810802	0.2075
4.589174085	0.205
4.5945092	0.2025
4.621882444	0.2
4.637030602	0.1975
4.683276577	0.195
4.767555135	0.1925
4.834165918	0.19
4.844383759	0.1875
4.898362529	0.185
4.90357089	0.1825
4.971070286	0.18
4.975179937	0.1775
5.010199473	0.175
5.072118095	0.1725
5.099909451	0.17
5.111027025	0.1675
5.127432333	0.165
5.131806171	0.1625
5.254588699	0.16
5.286890536	0.1575
5.295833589	0.155
5.329313424	0.1525
5.343753673	0.15
5.347091429	0.1475
5.385921626	0.145
5.418068982	0.1425
5.475632589	0.14
5.554261074	0.1375
5.565065332	0.135
5.629659704	0.1325
5.644930828	0.13
5.713395573	0.1275
5.717770913	0.125
5.762435146	0.1225
5.828666402	0.12
5.847626312	0.1175
5.880467172	0.115
5.917870046	0.1125
5.946095489	0.11
5.962032535	0.1075
6.053865695	0.105
6.087457221	0.1025
6.126403972	0.1
6.237698796	0.0975
6.361077092	0.095
6.52184042	0.0925
6.573883156	0.09
6.667460629	0.0875
6.667951025	0.085
6.797208461	0.0825
6.813369902	0.08
6.829435978	0.0775
6.893809665	0.075
6.901426786	0.0725
6.917989115	0.07
7.010337686	0.0675
7.070238433	0.065
7.298191268	0.0625
7.526134936	0.06
7.615769878	0.0575
8.11565429	0.055
8.185301049	0.0525
8.544460718	0.05
8.58604551	0.0475
8.803314432	0.045
8.947940897	0.0425
9.082453917	0.04
9.740748847	0.0375
9.969429745	0.035
10.13377899	0.0325
10.15101559	0.03
10.37903329	0.0275
10.38866001	0.025
10.54259746	0.0225
10.62560857	0.02
11.2307435	0.0175
11.47499809	0.015
11.65750628	0.0125
13.16158628	0.01
13.1752273	0.0075
13.18676662	0.005
13.37943959	0.0025
14.09412545	0
