0 1
0.55468045 0.9975
0.56694758 0.995
0.56966279 0.9925
0.57621387 0.99
0.57654131 0.9875
0.57862252 0.985
0.58900562 0.9825
0.60095688 0.98
0.60451656 0.9775
0.61324304 0.975
0.61614967 0.9725
0.61628674 0.97
0.62806611 0.9675
0.62855067 0.965
0.62926468 0.9625
0.63144337 0.96
0.63165289 0.9575
0.63202176 0.955
0.63202444 0.9525
0.6322499 0.95
0.63434371 0.9475
0.63535276 0.945
0.6355731 0.9425
0.6360779 0.94
0.63617605 0.9375
0.63691484 0.935
0.64036009 0.9325
0.64134483 0.93
0.65066845 0.9275
0.65375215 0.925
0.65965234 0.9225
0.66227141 0.92
0.66647688 0.9175
0.66951373 0.915
0.67152325 0.9125
0.67367394 0.91
0.67665882 0.9075
0.67711144 0.905
0.67910715 0.9025
0.69242685 0.9
0.70215362 0.8975
0.71693069 0.895
0.71802119 0.8925
0.72270339 0.89
0.73368111 0.8875
0.73992434 0.885
0.74274198 0.8825
0.75456616 0.88
0.75556206 0.8775
0.76308235 0.875
0.76705316 0.8725
0.77028551 0.87
0.77028551 0.8675
0.78254131 0.865
0.78477066 0.8625
0.79273232 0.86
0.79586954 0.8575
0.79751652 0.855
0.79758273 0.8525
0.79970336 0.85
0.80939536 0.8475
0.81345721 0.845
0.81558552 0.8425
0.82343345 0.84
0.82554835 0.8375
0.8264226 0.835
0.83300164 0.8325
0.83730714 0.83
0.83811892 0.8275
0.84537783 0.825
0.84748362 0.8225
0.84748558 0.82
0.84895783 0.8175
0.8625626 0.815
0.86289697 0.8125
0.86387159 0.81
0.86424516 0.8075
0.86805289 0.805
0.87180443 0.8025
0.87388658 0.8
0.87933014 0.7975
0.88085172 0.795
0.88150613 0.7925
0.88326902 0.79
0.88420426 0.7875
0.89372602 0.785
0.89412867 0.7825
0.89412867 0.78
0.89544685 0.7775
0.89575607 0.775
0.89575607 0.7725
0.89710058 0.77
0.89720746 0.7675
0.89897441 0.765
0.89946073 0.7625
0.90168832 0.76
0.90168832 0.7575
0.90536174 0.755
0.90538827 0.7525
0.90799066 0.75
0.90909006 0.7475
0.91230595 0.745
0.91319343 0.7425
0.914365 0.74
0.914365 0.7375
0.92074546 0.735
0.92488885 0.7325
0.9261601 0.73
0.9272173 0.7275
0.92779303 0.725
0.92811683 0.7225
0.9297369 0.72
0.9300458 0.7175
0.9300458 0.715
0.9338936 0.7125
0.93611976 0.71
0.93752459 0.7075
0.93764725 0.705
0.94308552 0.7025
0.94907085 0.7
0.95054189 0.6975
0.95249015 0.695
0.95731997 0.6925
0.95736392 0.69
0.9579232 0.6875
0.96630099 0.685
0.96846665 0.6825
0.96965167 0.68
0.97393702 0.6775
0.97705231 0.675
0.97796238 0.6725
0.97924673 0.67
0.98014726 0.6675
0.98191163 0.665
0.98299449 0.6625
0.98299449 0.66
0.98329064 0.6575
0.98890512 0.655
0.99149373 0.6525
0.9936535 0.65
0.9990954 0.6475
1.0006438 0.645
1.003984 0.6425
1.0122339 0.64
1.0137079 0.6375
1.0157985 0.635
1.017275 0.6325
1.0204795 0.63
1.0218478 0.6275
1.0260573 0.625
1.0376786 0.6225
1.0447332 0.62
1.0484688 0.6175
1.0484868 0.615
1.0524912 0.6125
1.0592221 0.61
1.062466 0.6075
1.0655267 0.605
1.0657447 0.6025
1.0703876 0.6
1.0720269 0.5975
1.0736943 0.595
1.0760123 0.5925
1.0805598 0.59
1.0837486 0.5875
1.0838874 0.585
1.0848248 0.5825
1.0851914 0.58
1.0854453 0.5775
1.0870299 0.575
1.0875358 0.5725
1.0877247 0.57
1.0994639 0.5675
1.1019341 0.565
1.1044892 0.5625
1.1044892 0.56
1.105486 0.5575
1.1238909 0.555
1.1356757 0.5525
1.140224 0.55
1.1462379 0.5475
1.149922 0.545
1.1511697 0.5425
1.1512718 0.54
1.1531728 0.5375
1.1575955 0.535
1.1600934 0.5325
1.1620128 0.53
1.1644955 0.5275
1.167581 0.525
1.1685166 0.5225
1.1741637 0.52
1.1742724 0.5175
1.1836545 0.515
1.1871051 0.5125
1.1872399 0.51
1.1938322 0.5075
1.1988317 0.505
1.2120462 0.5025
1.2127647 0.5
1.2127647 0.4975
1.2164205 0.495
1.2193782 0.4925
1.2222208 0.49
1.2230361 0.4875
1.2258627 0.485
1.2313087 0.4825
1.2345001 0.48
1.2402225 0.4775
1.2402225 0.475
1.2461737 0.4725
1.2483018 0.47
1.2503929 0.4675
1.2507244 0.465
1.2543035 0.4625
1.2550965 0.46
1.2718563 0.4575
1.2720668 0.455
1.2809779 0.4525
1.2865104 0.45
1.291816 0.4475
1.292577 0.445
1.2933806 0.4425
1.2955819 0.44
1.2958893 0.4375
1.3020596 0.435
1.3031449 0.4325
1.3058946 0.43
1.3133372 0.4275
1.3352144 0.425
1.3368047 0.4225
1.337308 0.42
1.337308 0.4175
1.3387184 0.415
1.3390677 0.4125
1.341536 0.41
1.3510907 0.4075
1.3561135 0.405
1.3614078 0.4025
1.3615037 0.4
1.3647775 0.3975
1.3681311 0.395
1.3694298 0.3925
1.3745401 0.39
1.3823396 0.3875
1.39202 0.385
1.4113073 0.3825
1.4116106 0.38
1.4123864 0.3775
1.4141949 0.375
1.4185524 0.3725
1.4220115 0.37
1.4384323 0.3675
1.4402035 0.365
1.4463951 0.3625
1.4475931 0.36
1.4508138 0.3575
1.4525674 0.355
1.4611506 0.3525
1.4646416 0.35
1.466385 0.3475
1.4697294 0.345
1.4798543 0.3425
1.4932292 0.34
1.495704 0.3375
1.4991278 0.335
1.5032965 0.3325
1.5069541 0.33
1.5101643 0.3275
1.5219782 0.325
1.5228258 0.3225
1.5236743 0.32
1.5267546 0.3175
1.5296158 0.315
1.5352428 0.3125
1.5413611 0.31
1.5728954 0.3075
1.5751663 0.305
1.5781709 0.3025
1.5867788 0.3
1.5884242 0.2975
1.5915686 0.295
1.594854 0.2925
1.614572 0.29
1.6150378 0.2875
1.617322 0.285
1.6202711 0.2825
1.6206166 0.28
1.6207125 0.2775
1.620928 0.275
1.6247704 0.2725
1.6281091 0.27
1.6305298 0.2675
1.6376051 0.265
1.6419288 0.2625
1.6531724 0.26
1.6630219 0.2575
1.6677036 0.255
1.6678792 0.2525
1.6679283 0.25
1.6696084 0.2475
1.6708177 0.245
1.6781376 0.2425
1.6781376 0.24
1.6789064 0.2375
1.6840442 0.235
1.697583 0.2325
1.7091637 0.23
1.7266193 0.2275
1.7318721 0.225
1.7345926 0.2225
1.7449491 0.22
1.7604097 0.2175
1.7787582 0.215
1.7838245 0.2125
1.7848267 0.21
1.787377 0.2075
1.791359 0.205
1.8138766 0.2025
1.8237452 0.2
1.8253288 0.1975
1.9 0.195
1.9134973 0.1925
1.9204113 0.19
1.9235633 0.1875
1.9243281 0.185
1.9283425 0.1825
1.9349024 0.18
1.9412626 0.1775
1.9841782 0.175
2.0173047 0.1725
2.0365271 0.17
2.0365271 0.1675
2.0552444 0.165
2.1492516 0.1625
2.161304 0.16
2.1690986 0.1575
2.1792446 0.155
2.1863177 0.1525
2.2340786 0.15
2.2347025 0.1475
2.2451621 0.145
2.2758736 0.1425
2.2956867 0.14
2.3432973 0.1375
2.4643674 0.135
2.4741608 0.1325
2.5014563 0.13
2.5150569 0.1275
2.5341396 0.125
2.5819249 0.1225
2.6214272 0.12
2.6445231 0.1175
2.6672288 0.115
2.6687261 0.1125
2.6746172 0.11
2.7152905 0.1075
2.7738272 0.105
2.8058123 0.1025
2.8582284 0.1
2.8619788 0.0975
2.8839725 0.095
2.9328833 0.0925
2.9329082 0.09
2.9335436 0.0875
2.9335436 0.085
2.9484863 0.0825
2.9671116 0.08
2.9864959 0.0775
3.1164733 0.075
3.1164733 0.0725
3.1164733 0.07
3.1164733 0.0675
3.1164733 0.065
3.1164733 0.0625
3.1326088 0.06
3.1455596 0.0575
3.1517349 0.055
3.1517349 0.0525
3.1550254 0.05
3.1593628 0.0475
3.2762455 0.045
3.5098077 0.0425
3.6186066 0.04
3.7473543 0.0375
3.7960677 0.035
3.899613 0.0325
3.9843399 0.03
4.0438849 0.0275
4.6249615 0.025
5.0040353 0.0225
5.0040353 0.02
5.6707932 0.0175
5.8399999 0.015
5.8399999 0.0125
7.1472974 0.01
7.1607422 0.0075
10.32 0.005
10.32 0.0025
10.32 0

